0.0083339581 0.0083337609 0.0083336389 0.3220769456 0.0083342338 0.0083337268 0.0083343772 0.6112520907 0.0083338561 0.0083334118
0.0031251280 0.0031258313 0.0031272485 0.0031256667 0.0031251407 0.0031256208 0.0031258256 0.9718684690 0.0031255265 0.0031255429
0.0111125734 0.0111125837 0.0111126658 0.0111164138 0.0111123123 0.0111120005 0.0111147673 0.8999815762 0.0111125961 0.0111125108
0.0076930375 0.0076928904 0.4207874064 0.1197100156 0.0076935551 0.0076934423 0.2294803836 0.1838612303 0.0076930759 0.0076949629
0.0047622774 0.0047629929 0.5302641887 0.0047626604 0.0047622904 0.0047626761 0.2997112903 0.0047639322 0.0047625426 0.1366851491
0.0023257996 0.0023258341 0.9624400506 0.0189525776 0.0023258909 0.0023257616 0.0023259741 0.0023261721 0.0023258339 0.0023261056
0.0001261290 0.0001261275 0.2101682328 0.0001261144 0.0001261309 0.0001261355 0.0111645135 0.0001261423 0.0001261249 0.7777843493
0.0001855814 0.0280757457 0.8927652280 0.0001855671 0.0001855787 0.0246353313 0.0534102518 0.0001855758 0.0001855771 0.0001855630
0.0002681746 0.0002681678 0.0799815712 0.0002681635 0.0002681689 0.0905056707 0.0002681764 0.6998065765 0.1280971894 0.0002681409
0.0066680949 0.0066698093 0.0066674213 0.2009796755 0.0066687994 0.0066688727 0.2334501090 0.5188867176 0.0066694892 0.0066710110
0.0083337211 0.0083341691 0.3359055597 0.0083342846 0.0083340317 0.0083340363 0.5974201636 0.0083359213 0.0083338244 0.0083342881
0.0111117619 0.0111129406 0.0111126778 0.0111114641 0.0111122738 0.0111123425 0.5564929056 0.0111163206 0.0111129023 0.3546044109
0.0090920162 0.0090928823 0.0090918286 0.0090925857 0.0090914774 0.0090924752 0.7024411549 0.0090928146 0.0090926115 0.2248201536
0.0058832680 0.0058836038 0.0058838129 0.0058867178 0.0058831866 0.0058835890 0.9470418653 0.0058845016 0.0058836019 0.0058858530
0.0125005811 0.0125009171 0.0125013263 0.0125002800 0.0125019788 0.0125011929 0.8874886693 0.0125039965 0.0125007666 0.0125002914
0.0058829472 0.0058828903 0.2052365476 0.0685516620 0.0058833680 0.0058832231 0.6850288606 0.0058838690 0.0058830416 0.0058835907
0.0029416174 0.0029415932 0.0029417652 0.0029420334 0.0029415023 0.0029415094 0.9735249135 0.0029423151 0.0029415099 0.0029412407
0.0179772509 0.1280948541 0.0004786153 0.0004785879 0.0980828591 0.4450255610 0.3084264622 0.0004786205 0.0004785877 0.0004786013
0.0038467114 0.0946677381 0.0038468668 0.0038473469 0.0038467056 0.0038467240 0.8745584666 0.0038464969 0.0038466952 0.0038462485
0.0027033750 0.0027033332 0.0027038526 0.0027034633 0.2095695339 0.0027035299 0.5721934850 0.0027030656 0.1993127429 0.0027036184
0.0006898660 0.0006898397 0.0006898642 0.0006897768 0.0006898416 0.3046439811 0.6079214938 0.0826057448 0.0006898130 0.0006897791
0.0022228880 0.0022226763 0.0022226585 0.0022227523 0.0022225058 0.0022226189 0.9799959015 0.0022228505 0.0022226533 0.0022224948
0.0062512355 0.0062506585 0.0062515901 0.0062537144 0.0062511719 0.0062508012 0.9437390584 0.0062505757 0.0062508882 0.0062503060
0.1522476461 0.0017244438 0.0017243759 0.0017244923 0.0017244691 0.0017245054 0.7282968506 0.0017243585 0.0017244707 0.1073843877
0.0029416766 0.0029417571 0.3973719630 0.0029418219 0.0029416356 0.0029418642 0.5790943743 0.0029414980 0.0029419840 0.0029414253
0.0018188326 0.0018185626 0.2417262451 0.0018190453 0.0018187451 0.0018190039 0.7437231548 0.0018189159 0.0018190503 0.0018184443
0.0052641822 0.0052641924 0.0052649669 0.0052667119 0.0052639291 0.0052643550 0.9526171466 0.0052642252 0.0052642396 0.0052660511
0.0014086791 0.0014086633 0.1240671803 0.0014086772 0.0014086010 0.0014087403 0.8646633620 0.0014088502 0.0014086897 0.0014085568
0.0014707966 0.0014708723 0.0014709786 0.0014714436 0.0014707700 0.0014708266 0.9867615516 0.0014712175 0.0014708382 0.0014707049
0.0021281010 0.0021281080 0.2648327246 0.0021284172 0.0021280629 0.0021280735 0.5207332511 0.1995368614 0.0021281466 0.0021282537
0.3070871158 0.0025649102 0.0025645100 0.0025650045 0.0025645309 0.0025648425 0.6723953380 0.0025644182 0.0025648160 0.0025645138
0.0012661564 0.0012662442 0.0896867984 0.0012663219 0.0012661297 0.0012662644 0.3378718135 0.5635776274 0.0012664610 0.0012661832
0.0142881354 0.0142867556 0.0142887088 0.0142951009 0.0142901225 0.0142872366 0.0142890627 0.8714013340 0.0142877039 0.0142858395
0.0200020071 0.0200031474 0.0200061634 0.0200001440 0.0200024663 0.0200026303 0.0200007872 0.8199819269 0.0200002201 0.0200005073
0.0052644527 0.0052642911 0.0052648690 0.0052638240 0.0052642012 0.0052646058 0.8375448776 0.1203409987 0.0052642870 0.0052635930
0.0333335473 0.0333341752 0.0333500388 0.0333338026 0.0333336570 0.0333357811 0.0333356687 0.6999758663 0.0333340741 0.0333333889
0.0125010417 0.0125009581 0.0125005698 0.2450690850 0.0125014842 0.0125006980 0.0125015185 0.6549233210 0.0125010365 0.0125002871
0.0125006342 0.0125004996 0.0125005795 0.0125017272 0.0125015201 0.0125006761 0.0125011681 0.8874917647 0.0125007782 0.0125006524
0.0125010815 0.0125016549 0.0125016390 0.0125015734 0.0125010606 0.0125008361 0.0125027281 0.8874863399 0.0125012086 0.0125018779
0.0500042035 0.0500015228 0.0500018652 0.5499800976 0.0500031620 0.0500017232 0.0500010994 0.0500021338 0.0500041557 0.0500000369
0.0125033802 0.0125039880 0.5710368692 0.0125034643 0.0125009684 0.0125020155 0.0125034435 0.3289347411 0.0125030283 0.0125081016
0.0090911151 0.0090915377 0.0090929309 0.0090913267 0.0090914709 0.0090916563 0.0090913494 0.0090913227 0.0090914786 0.9181758117
0.0142860091 0.0142866746 0.0142859279 0.0142863569 0.0142859178 0.0142864199 0.0142863927 0.0142865480 0.0142864384 0.8714233147
0.0142860091 0.0142866746 0.0142859279 0.0142863569 0.0142859178 0.0142864199 0.0142863927 0.0142865480 0.0142864384 0.8714233147
0.0125002189 0.0125006981 0.0125089912 0.0125005148 0.0125001511 0.0125005221 0.0125023596 0.0125007382 0.0125005356 0.8874852705
0.0125002189 0.0125006981 0.0125089912 0.0125005148 0.0125001511 0.0125005221 0.0125023596 0.0125007382 0.0125005356 0.8874852705
0.0062511543 0.0062511490 0.0062518979 0.0062503747 0.0062514641 0.0062511350 0.0062518937 0.6755285379 0.0062508358 0.2744615574
0.0010312181 0.1779546020 0.8137957550 0.0010310604 0.0010311800 0.0010312242 0.0010312094 0.0010311849 0.0010314024 0.0010311638
0.0090918156 0.0090922978 0.0090917228 0.0090966156 0.0090932478 0.0090920644 0.3363013837 0.3796020269 0.0090921715 0.2204466537
0.0038465394 0.3544541615 0.0038469185 0.0038467340 0.0038467737 0.0038466882 0.3292555899 0.0038475603 0.0038468524 0.2893621821
0.0100003535 0.0100025562 0.0100022885 0.0100005804 0.0100009882 0.0100007286 0.9099769710 0.0100064024 0.0100010938 0.0100080373
0.0038464763 0.0038465773 0.0038477256 0.0516263703 0.0038467593 0.0038467326 0.7589436791 0.1625019229 0.0038465864 0.0038471704
0.0100005500 0.0100010429 0.4690309720 0.0100011431 0.0100010112 0.0100008232 0.4509599035 0.0100028902 0.0100006059 0.0100010579
0.0111117619 0.0111129406 0.0111126778 0.0111114641 0.0111122738 0.0111123425 0.5564929056 0.0111163206 0.0111129023 0.3546044109
0.0066680242 0.0066683829 0.0066678110 0.0066678948 0.0066672946 0.0066678843 0.8611813079 0.0066675883 0.0066678953 0.0854759167
0.0058832680 0.0058836038 0.0058838129 0.0058867178 0.0058831866 0.0058835890 0.9470418653 0.0058845016 0.0058836019 0.0058858530
0.0006624535 0.0006623643 0.7091511226 0.0006623065 0.0006623908 0.0006624201 0.0006624106 0.2384484522 0.0006623827 0.0477636967
0.0015627234 0.0015629693 0.0649464428 0.0015632024 0.0015630149 0.0015628567 0.2199939753 0.7041191449 0.0015627619 0.0015629083
0.0100006263 0.0100009966 0.4314982979 0.0100014331 0.0100034091 0.0100011023 0.2005946839 0.0100046582 0.0100008591 0.2978939334
0.0142867091 0.0142873948 0.0142903788 0.0142886705 0.0142882412 0.0142866861 0.8714014462 0.0142966031 0.0142866010 0.0142872691
0.0100007366 0.0100008691 0.0100026017 0.0100010947 0.0100022187 0.0100013817 0.9099857780 0.0100040655 0.0100007654 0.0100004886
0.0500042035 0.0500015228 0.0500018652 0.5499800976 0.0500031620 0.0500017232 0.0500010994 0.0500021338 0.0500041557 0.0500000369
0.0009616991 0.0009616883 0.3131439068 0.0009616824 0.0009617265 0.0009617705 0.6791623394 0.0009618535 0.0009617452 0.0009615884
0.0842907531 0.0006712896 0.0006712510 0.0006713417 0.0006712540 0.0006713127 0.9103389384 0.0006712797 0.0006712919 0.0006712880
0.2586458097 0.0010991726 0.0583007948 0.0010992691 0.0010991033 0.0010992153 0.2875430064 0.0010991647 0.0010991927 0.3889152715
0.0834418328 0.0002703292 0.1970647516 0.0002703355 0.0002703263 0.0002703387 0.7176010541 0.0002703518 0.0002703304 0.0002703497
0.0021280866 0.0021281201 0.0021283029 0.0021281123 0.0021283579 0.0021285877 0.9808459013 0.0021284209 0.0021281757 0.0021279346
0.1198650202 0.0015876749 0.0015878292 0.0015878546 0.0015874919 0.0015876409 0.8009610201 0.0680601130 0.0015877332 0.0015876220
0.0013516478 0.0013517382 0.0013518271 0.0013518674 0.0013516760 0.1441336084 0.3655927905 0.4808112017 0.0013518471 0.0013517958
0.0166697585 0.0166678146 0.0166708355 0.0166791260 0.0166723680 0.0166685386 0.0166707580 0.8499647345 0.0166693034 0.0166667629
0.0071489716 0.0001107682 0.6898131490 0.0001107554 0.0001107682 0.0001107722 0.0001107637 0.3022624900 0.0001107725 0.0001107893
0.0200020071 0.0200031474 0.0200061634 0.0200001440 0.0200024663 0.0200026303 0.0200007872 0.8199819269 0.0200002201 0.0200005073
0.0006371565 0.0006370875 0.4738488855 0.0006371188 0.0006370829 0.0006371281 0.1092407763 0.3704008338 0.0006370994 0.0426868312
0.0200209210 0.0200009130 0.0200057841 0.0200006829 0.0200050290 0.0200075777 0.0200013988 0.8199530355 0.0200044037 0.0200002544
0.0071435962 0.0071434937 0.0071435633 0.1302235170 0.0071443928 0.0071435520 0.0071449342 0.8126239502 0.0071436920 0.0071453085
0.0090917915 0.0090914586 0.0090914287 0.2687097660 0.0090918365 0.0090913531 0.0090917911 0.6585576441 0.0090919547 0.0090909755
0.0032259443 0.0032266977 0.0032279581 0.0032265181 0.0032259573 0.0032264704 0.0032266009 0.9709610989 0.0032263697 0.0032263844
0.0100013385 0.0100013144 0.0100013422 0.0100044827 0.0100010798 0.0100007953 0.0100026883 0.9099843755 0.0100014519 0.0100011314
0.0076932283 0.0076930128 0.4901292637 0.0076953378 0.0076935672 0.0076934255 0.1552786663 0.3007351288 0.0076932706 0.0076950989
0.0025001378 0.0025002433 0.9774976412 0.0025003119 0.0025000926 0.0025001054 0.0025003728 0.0025004743 0.0025001643 0.0025004565
0.0006250406 0.0006250802 0.0006251306 0.0006250477 0.0006251326 0.0006250844 0.0006251007 0.0367527582 0.0006250614 0.9582465637
0.0003323191 0.0003323139 0.8946146743 0.0003322774 0.0040219724 0.0158594871 0.0695076919 0.0003323243 0.0003323150 0.0143346246
0.0071441384 0.0071449036 0.0071437645 0.1163312941 0.0071450194 0.0071444011 0.2468708128 0.4947217401 0.0071449769 0.0992089490
0.0083337211 0.0083341691 0.3359055597 0.0083342846 0.0083340317 0.0083340363 0.5974201636 0.0083359213 0.0083338244 0.0083342881
0.0111117619 0.0111129406 0.0111126778 0.0111114641 0.0111122738 0.0111123425 0.5564929056 0.0111163206 0.0111129023 0.3546044109
0.0071437955 0.0071441348 0.0071441113 0.0071458262 0.0071431444 0.0071442067 0.9356992038 0.0071441530 0.0071436624 0.0071477619
0.0058832680 0.0058836038 0.0058838129 0.0058867178 0.0058831866 0.0058835890 0.9470418653 0.0058845016 0.0058836019 0.0058858530
0.0166675475 0.0166675865 0.0166678064 0.0166679199 0.0166694076 0.0166673404 0.4329023307 0.4337556314 0.0166672488 0.0166671808
0.0058831161 0.0058830303 0.2488711211 0.0058849367 0.0058835615 0.0058832734 0.7040596678 0.0058845486 0.0058831923 0.0058835520
0.0009348539 0.0009347808 0.0009348546 0.0009348335 0.0009348811 0.5858868508 0.2837205219 0.1238489045 0.0009347702 0.0009347487
0.0111117614 0.0111119559 0.0111128011 0.3192001641 0.0111133042 0.0111127960 0.5919002813 0.0111132867 0.0111122255 0.0111114238
0.0011630675 0.0011629497 0.4135569947 0.0011632718 0.0011631473 0.0011630577 0.5771387367 0.0011629333 0.0011629949 0.0011628464
0.0018185068 0.0018183558 0.0018186327 0.0018184723 0.0018188269 0.0018187246 0.9836332096 0.0018184399 0.0018184771 0.0018183542
0.0013516474 0.0013517600 0.0680183865 0.0013517032 0.0013516694 0.0013517950 0.3308905466 0.5431745638 0.0498062366 0.0013516917
0.0166697585 0.0166678146 0.0166708355 0.0166791260 0.0166723680 0.0166685386 0.0166707580 0.8499647345 0.0166693034 0.0166667629
0.0200020071 0.0200031474 0.0200061634 0.0200001440 0.0200024663 0.0200026303 0.0200007872 0.8199819269 0.0200002201 0.0200005073
0.0047629364 0.0047628161 0.0047632105 0.0047625041 0.0047628133 0.0047629884 0.6275421977 0.3343554131 0.0047628036 0.0047623168
0.0333335473 0.0333341752 0.0333500388 0.0333338026 0.0333336570 0.0333357811 0.0333356687 0.6999758663 0.0333340741 0.0333333889
0.0100011838 0.0100009576 0.0100006965 0.1941479008 0.0100011739 0.0100006477 0.0100009525 0.7258447515 0.0100015364 0.0100001992
0.0022728339 0.0022728846 0.9555882276 0.0262282628 0.0022728291 0.0022728294 0.0022729910 0.0022732094 0.0022728570 0.0022730753
0.0001531563 0.0001531599 0.0001531936 0.0001531585 0.0001531696 0.0001531692 0.0001531709 0.0001531748 0.0001531601 0.9986214872
0.0001048512 0.0001048554 0.8973776303 0.0001048379 0.0057075711 0.0001048505 0.0843336352 0.0001048465 0.0119520645 0.0001048574
0.0006411817 0.0006412064 0.3668671954 0.0006412318 0.0006411989 0.0006412113 0.1150571224 0.2934583415 0.2207701863 0.0006411243
0.0111129387 0.0111121265 0.0111124417 0.0111186705 0.0111141122 0.0111120853 0.4770589158 0.4340345211 0.0111126977 0.0111114905
0.1527844400 0.0002849433 0.0002849510 0.0002849446 0.0002849441 0.0002849428 0.8449359793 0.0002849723 0.0002849556 0.0002849270
0.0001992507 0.0001992627 0.0001992492 0.0001992322 0.0191505306 0.0534729941 0.8652912633 0.0608896905 0.0001992539 0.0001992728
0.0002375922 0.0002375816 0.1554712292 0.0002375617 0.0002375749 0.0002375871 0.8426281166 0.0002376070 0.0002375772 0.0002375725
0.0045459510 0.0045462112 0.0045462300 0.0045469927 0.0045461206 0.0045460724 0.4780897702 0.4855403411 0.0045459420 0.0045463687
0.0038466174 0.0038481282 0.0038475448 0.2665783348 0.0038469303 0.0038472642 0.7026431557 0.0038471705 0.0038474073 0.0038474466
0.0011237645 0.0011237768 0.0011239651 0.0011236574 0.0011237115 0.0011237751 0.9898860645 0.0011238157 0.0011237647 0.0011237047
0.3262883982 0.0033336784 0.0033345160 0.0033336958 0.0033338482 0.0033338983 0.6470406861 0.0033336742 0.0033338670 0.0033337377
0.0034486283 0.0034484528 0.0034490720 0.0034484721 0.0034485391 0.0034484544 0.9689623094 0.0034483819 0.0034484859 0.0034492041
0.0027035717 0.0027030446 0.0027031357 0.0027030805 0.0027028744 0.0027029587 0.9756722182 0.0027029863 0.0027032107 0.0027029193
0.0035717978 0.0035717962 0.0035727665 0.0035716714 0.0035730551 0.0035716694 0.8481885037 0.0035731614 0.0035716278 0.1232339507
0.0026328063 0.0026319403 0.2162814886 0.0309427932 0.0026320910 0.0026319589 0.7343508899 0.0026318230 0.0026322028 0.0026320059
0.0050019532 0.0050053141 0.0050010498 0.0050015436 0.0050015067 0.0050037822 0.9549758543 0.0050011294 0.0050023448 0.0050055220
0.0033335273 0.0033335476 0.0033340365 0.0033333955 0.0033335727 0.0033335477 0.9699976710 0.0033335288 0.0033335466 0.0033336262
0.0425137497 0.0021743574 0.0021745364 0.0021747249 0.0021743592 0.0021743018 0.9400913116 0.0021741802 0.0021744447 0.0021740341
0.0025643577 0.0025642683 0.0025649960 0.0025643061 0.0025643939 0.0025643920 0.9769202309 0.0025644742 0.0025642715 0.0025643092
0.0033337266 0.0033336968 0.0033337590 0.0033335489 0.0033335950 0.0033337493 0.9699967110 0.0033336435 0.0033337311 0.0033338387
0.0034488799 0.0034489405 0.0034487977 0.0034486551 0.0034486998 0.0034487211 0.9689600423 0.0034500220 0.0034487768 0.0034484648
0.0076928178 0.0076926122 0.0076940109 0.0076926669 0.0076928551 0.0076926193 0.6516571044 0.2868001691 0.0076925671 0.0076925771
0.0035723073 0.0035722075 0.0035720788 0.0035717713 0.0035721287 0.0035726027 0.9678501238 0.0035727386 0.0035721284 0.0035719129
0.0025648970 0.0025644174 0.0025648813 0.0025641946 0.0025647352 0.0025643825 0.9769195218 0.0025643315 0.0025643591 0.0025642798
0.0038485287 0.0038465447 0.0038464421 0.0038467138 0.0038471704 0.0038469934 0.9653774536 0.0038465013 0.0038472957 0.0038463562
0.0037040441 0.0037039376 0.0037038590 0.0037040842 0.0037038577 0.0037039312 0.9666648494 0.0037037876 0.0037039139 0.0037037352
0.0034491886 0.0034494075 0.0034494832 0.0034495494 0.0034491661 0.0965503320 0.8758551683 0.0034493797 0.0034491751 0.0034491502
0.0038465923 0.0038463940 0.0038465528 0.0038467309 0.0038465729 0.0038464777 0.9653807696 0.0038471508 0.0038464536 0.0038463055
0.0040022341 0.0958279967 0.0040006831 0.0040007058 0.0040007560 0.0040007609 0.8721632713 0.0040005462 0.0040013792 0.0040016667
0.0038466170 0.0038469262 0.0038470000 0.0038468185 0.0038465634 0.0038466164 0.9653791449 0.0038468071 0.0038468860 0.0038466205
0.0038475069 0.0038468143 0.1117350930 0.0038467516 0.0038472247 0.0038470332 0.8574893761 0.0038468302 0.0038468361 0.0038465339
0.0043480053 0.0043479190 0.0043479332 0.0043479518 0.0043481010 0.0043479458 0.9608669218 0.0043480045 0.0043479093 0.0043493083
0.0000484366 0.0063888196 0.0276190028 0.0000484376 0.0000484416 0.0000484407 0.9566455360 0.0090560088 0.0000484385 0.0000484378
0.0028574214 0.0028573746 0.0028580553 0.0028572397 0.0028574681 0.0028574814 0.9742826187 0.0028573789 0.0028573568 0.0028576049
0.0034490414 0.0034485501 0.0034493196 0.0034484082 0.0034486070 0.0034487732 0.9689616165 0.0034486593 0.0034485527 0.0034484719
0.0029413404 0.0029413260 0.1609989658 0.0029412346 0.0029413218 0.0029413992 0.8154704213 0.0029413573 0.0029413294 0.0029413042
0.0040006168 0.0040005458 0.0040011884 0.0040002345 0.0040003546 0.0040004958 0.8683844007 0.0996113557 0.0040004067 0.0040004011
0.0025001008 0.0025001785 0.0025003319 0.0025000843 0.0025000707 0.0025001541 0.9774986014 0.0025002767 0.0025001134 0.0025000882
0.0018186565 0.0018184235 0.2074010671 0.0018183036 0.0018185070 0.0018185184 0.7780513868 0.0018183023 0.0018185756 0.0018182592
0.0071438561 0.0071436911 0.1563200958 0.0071444817 0.0071436939 0.0071441630 0.7865287520 0.0071431361 0.0071438217 0.0071443085
0.0028572553 0.0028573409 0.1590587601 0.0028572200 0.0028573137 0.0028573652 0.8180822024 0.0028572773 0.0028573220 0.0028579431
0.0025643833 0.0025645352 0.0025647750 0.0025647341 0.0025642672 0.0025643862 0.9769196199 0.0025643420 0.0025646732 0.0025642839
0.0333333333 0.0333333369 0.0333334880 0.0333333333 0.0333333359 0.0333333654 0.6999996414 0.0333334689 0.0333333635 0.0333333333
0.0111118178 0.0111123262 0.5699032138 0.0111123803 0.0111124351 0.0111120209 0.3411985229 0.0111132586 0.0111117998 0.0111122246
0.0142862482 0.0142872981 0.0142868180 0.0142860572 0.0142874723 0.0142864161 0.4169500139 0.2828832835 0.0142867339 0.2001596589
0.0055574367 0.0055576708 0.0055567227 0.0055567488 0.0747373361 0.0055568436 0.6939770873 0.0055563610 0.0055584663 0.1923853267
0.0071435805 0.0071434375 0.0071437728 0.2019000251 0.0071445819 0.0071436633 0.3933848589 0.3547093189 0.0071437396 0.0071430216
0.0017551849 0.0017547088 0.0017549374 0.0017550571 0.0017548191 0.0017549094 0.9417703177 0.0441905659 0.0017548490 0.0017546507
0.1927906756 0.0010992427 0.0010992222 0.0010991737 0.0010993307 0.0010992813 0.7445468495 0.0549680025 0.0010991912 0.0010990306
0.1850905984 0.0018524750 0.0018526141 0.0909126570 0.0018521973 0.0018525018 0.7110300318 0.0018523267 0.0018523641 0.0018522338
0.0025006189 0.0025007659 0.0649019003 0.0025009253 0.0025004798 0.1025902201 0.8150035531 0.0025005797 0.0025007266 0.0025002301
0.0012503482 0.0012504042 0.0012504090 0.0307449896 0.1549532031 0.0012504097 0.8055492223 0.0012504764 0.0012503156 0.0012502219
0.0033344050 0.0033342454 0.0033343179 0.0033347734 0.0033340791 0.0033341286 0.6793298568 0.2939966648 0.0033340824 0.0033334466
0.0030307503 0.0030307510 0.0030309220 0.0030316563 0.0030307814 0.0030308587 0.9727223244 0.0030307252 0.0030307127 0.0030305180
0.0010642109 0.1659234558 0.0010640838 0.0497171652 0.0010640925 0.0010640868 0.7769106812 0.0010641301 0.0010641309 0.0010639629
0.0018874066 0.0018869827 0.0018870935 0.0018873114 0.0018870396 0.0018870810 0.9830157892 0.0018871275 0.0018870945 0.0018870741
0.0016399166 0.0016396364 0.1081929565 0.0414542813 0.0016400625 0.0016399309 0.7062884713 0.1342252453 0.0016397928 0.0016397065
0.0020003942 0.0020002212 0.0020004182 0.0020010034 0.0020002876 0.0020002913 0.9819962008 0.0020006139 0.0020004107 0.0020001587
0.1127731909 0.0011496371 0.0011496638 0.0011498708 0.0011497081 0.0011496919 0.8780294856 0.0011495667 0.0011496838 0.0011495014
0.0015387829 0.0015389114 0.0015390064 0.0015390953 0.0015388948 0.0988877144 0.8711029271 0.0015389046 0.0015388961 0.0192368669
0.0012989829 0.0012990918 0.0632251510 0.0012990507 0.0012990085 0.0012991226 0.3033369067 0.5786676252 0.0469760367 0.0012990239
0.0166697585 0.0166678146 0.0166708355 0.0166791260 0.0166723680 0.0166685386 0.0166707580 0.8499647345 0.0166693034 0.0166667629
0.0200020071 0.0200031474 0.0200061634 0.0200001440 0.0200024663 0.0200026303 0.0200007872 0.8199819269 0.0200002201 0.0200005073
0.0015875807 0.0836031618 0.0015877600 0.0481928434 0.0015876588 0.0015876901 0.4588083370 0.3998697401 0.0015876730 0.0015875550
0.0333335473 0.0333341752 0.0333500388 0.0333338026 0.0333336570 0.0333357811 0.0333356687 0.6999758663 0.0333340741 0.0333333889
0.0125010343 0.0125011765 0.0125006335 0.4024046614 0.0125015582 0.0125007340 0.0125009766 0.4975874931 0.0125013128 0.0125004195
0.0166675239 0.0166715408 0.2478185829 0.0166685932 0.0166670777 0.0166679745 0.0166689821 0.6188207903 0.0166689525 0.0166799821
0.0015626138 0.0015626289 0.9859344582 0.0015640072 0.0015626688 0.0015626065 0.0015627396 0.0015628657 0.0015626509 0.0015627604
0.0001887120 0.0001887057 0.0001887377 0.0001887626 0.0001887223 0.0001887119 0.0001887134 0.0001887225 0.0001887117 0.9983015001
0.0001000250 0.0001000297 0.9558315520 0.0001000157 0.0001000200 0.0001000277 0.0433682632 0.0001000260 0.0001000250 0.0001000157
0.0040003672 0.0040011089 0.0040008242 0.0040011754 0.0040007595 0.0040008148 0.1148047775 0.7245512979 0.0040006730 0.1326382015
0.0111122202 0.0111118780 0.0111119307 0.2837196458 0.0111136777 0.0111119849 0.6273805869 0.0111143011 0.0111119177 0.0111118572
0.0695683111 0.0001996521 0.0596307535 0.0001996435 0.0001996554 0.0001996603 0.8450128155 0.0245902084 0.0001996524 0.0001996477
0.0090915529 0.0090912250 0.0090913948 0.0090910235 0.0090914677 0.0090912834 0.7086080884 0.2186616891 0.0090912111 0.0090910641
0.0237378243 0.0001570184 0.0001570272 0.0164688355 0.0001570341 0.0001570343 0.9586941733 0.0001570222 0.0001570221 0.0001570085
0.0045474510 0.0045467101 0.0045459680 0.0045456641 0.0045474298 0.0045467614 0.9590815522 0.0045460360 0.0045461320 0.0045462953
0.0041671134 0.0041681389 0.0041674527 0.0041668197 0.0041669646 0.0041672919 0.7207082882 0.0041680399 0.0041672108 0.2459526798
0.1337563166 0.0058827101 0.0058830661 0.0058824272 0.0058836378 0.0058826761 0.8191797560 0.0058832915 0.0058825310 0.0058835878
0.0033341502 0.0033338458 0.0033341573 0.0033336778 0.0033338596 0.0033339634 0.9699936841 0.0033344286 0.0033347049 0.0033335283
0.0030306922 0.0030307083 0.1075397261 0.0030305068 0.0030310479 0.0030308722 0.8682137193 0.0030312298 0.0030306531 0.0030308443
0.0030305401 0.0030305027 0.0961506772 0.0030304582 0.0030305868 0.0030306141 0.8796046487 0.0030304263 0.0030305642 0.0030309816
0.0047630060 0.0047629827 0.0047628368 0.0773163820 0.0047629782 0.0047631873 0.8845795432 0.0047639840 0.0047629500 0.0047621500
0.0020002596 0.0020003435 0.1950055198 0.0020002056 0.0020002064 0.0020003280 0.7889920660 0.0020004248 0.0020002972 0.0020003490
0.0043489080 0.0043487020 0.0043486617 0.0043480436 0.0043486060 0.0043487838 0.8722813612 0.0929298068 0.0043487277 0.0043483991
0.0090936448 0.0090920945 0.0090913073 0.0090914463 0.0090929719 0.0090934105 0.8275269358 0.0997313115 0.0090918484 0.0090950290
0.0033336763 0.0033337612 0.0033340964 0.0033336670 0.0033336808 0.0033336251 0.9699956324 0.0033337858 0.0033336617 0.0033344134
0.0025645448 0.0025644803 0.0025649502 0.0025644250 0.0025647589 0.3587761492 0.6207068746 0.0025650016 0.0025645459 0.0025642695
0.0040004052 0.0040002155 0.0040003905 0.0040000926 0.0040003169 0.0040004111 0.9639962581 0.0040008906 0.0040002691 0.0040007503
0.0040004112 0.0040004021 0.0040009849 0.0040001637 0.2386011985 0.0040009485 0.7293922220 0.0040028274 0.0040003403 0.0040005012
0.0125005551 0.0125002111 0.0125039031 0.0125000639 0.0125001530 0.0125003669 0.8874931875 0.0125011205 0.0125001951 0.0125002437
0.0024393317 0.0024393770 0.0024396071 0.0024391991 0.0024392241 0.0024393184 0.5754034456 0.4050814645 0.0024393703 0.0024396623
0.0014493416 0.0014494479 0.3220354642 0.0014494260 0.0014493953 0.0014493964 0.5220236560 0.1457948428 0.0014494353 0.0014495945
0.0076926019 0.0076935518 0.0076927916 0.0076935701 0.0076927210 0.0076928634 0.2387094705 0.6997431088 0.0076929365 0.0076963843
0.0142862204 0.0142863873 0.0142896837 0.0142859045 0.0142867707 0.0142860571 0.8714165381 0.0142901670 0.0142860744 0.0142861968
0.0100008194 0.0100013151 0.0100008183 0.0100067756 0.0100021411 0.0100009155 0.4066024456 0.2526833465 0.0100012287 0.2707001942
0.0000303009 0.1449131867 0.0709156230 0.0000303023 0.0086957341 0.0000303025 0.6917975391 0.0000303011 0.0835264072 0.0000303031
0.0000533494 0.0000533516 0.0000533452 0.0000533613 0.0000533651 0.0000533498 0.9507700988 0.0488030844 0.0000533491 0.0000533454
0.0019232563 0.0019234032 0.6213786353 0.0019233594 0.0019234022 0.0019235295 0.2984861956 0.0019237462 0.0019233745 0.0666710978
0.0019609768 0.0019611366 0.5908500075 0.0019610888 0.0019611181 0.0019612593 0.3266106983 0.0019614749 0.0019610989 0.0688111409
0.0020835891 0.0020837287 0.4625675375 0.0020836994 0.0020838903 0.0020839343 0.4443721470 0.0020839589 0.0020836972 0.0784738176
0.0022729795 0.0022731752 0.4855759812 0.0022731504 0.0022731507 0.0022732341 0.3991806004 0.0022734521 0.0022731157 0.0993311607
0.0022224607 0.0022226438 0.5054116224 0.0022226215 0.0022226257 0.0022227011 0.3847538237 0.0022229246 0.0022225893 0.0942759873
0.0031253812 0.0031255196 0.1835279763 0.0031252130 0.0031255081 0.0031257707 0.7914668243 0.0031253908 0.0031257504 0.0031266656
0.0029417613 0.0703006351 0.0029424667 0.0029421269 0.0029416391 0.0029420554 0.9061639865 0.0029418102 0.0029419769 0.0029415418
0.0023814920 0.0023812791 0.0023816694 0.0023811908 0.0023812461 0.0023813226 0.9785681344 0.0023812682 0.0023813687 0.0023810289
0.2938515157 0.0050003442 0.0050003386 0.0050004462 0.0050007748 0.0050007568 0.6661448053 0.0050003341 0.0050006112 0.0050000731
0.0022732266 0.0022730357 0.0022732075 0.0022732625 0.0022730260 0.0022730468 0.9795413254 0.0022735574 0.0022733402 0.0022729718
0.0033336172 0.0033335429 0.0033339421 0.0033335445 0.0033335253 0.0033335564 0.9040680561 0.0033334830 0.0033335464 0.0692631860
0.0023815549 0.0023814240 0.0023813222 0.0023812554 0.0023812297 0.0023815696 0.9785671254 0.0023813779 0.0023815757 0.0023815651
0.0024392864 0.0024396807 0.0591753440 0.0594676069 0.0024392988 0.0024395945 0.8642807174 0.0024391913 0.0024394762 0.0024398038
0.0024394919 0.0024395914 0.0024396739 0.0024394610 0.0024393424 0.0024394677 0.8018268106 0.1786566993 0.0024397447 0.0024397169
0.0035716468 0.0035717935 0.0035717075 0.0035716643 0.0035717240 0.0035717275 0.8602307190 0.1111957874 0.0035716120 0.0035716180
0.0037060456 0.0037039552 0.0037039599 0.0037039072 0.0037042286 0.0037040337 0.9666617965 0.0037038860 0.0037043473 0.0037038399
0.0024392903 0.0024391912 0.0024395320 0.0024391656 0.0024392688 0.0024392629 0.9780460581 0.0024394471 0.0024391923 0.0024395918
0.0030305286 0.0030305876 0.0030306587 0.0030304371 0.0030305337 0.0030305733 0.9727246520 0.0030305805 0.0030305135 0.0030309351
0.0035719277 0.0035718198 0.0035722110 0.0035716057 0.0035718801 0.0035718367 0.9678506543 0.0035722760 0.0035717916 0.0035739970
0.0529744381 0.0020414106 0.0020413593 0.0020410476 0.0020413026 0.0020414727 0.6295267506 0.2490322710 0.0562188742 0.0020410733
0.0017861070 0.0017859837 0.0017861703 0.0017858799 0.0017859635 0.0017860377 0.9839261849 0.0017858016 0.0017860271 0.0017858443
0.0033339178 0.0033338667 0.0033350958 0.0033335441 0.0033342629 0.0033342439 0.9699930178 0.0033337406 0.0033338463 0.0033344642
0.0515325367 0.0024394183 0.0024396109 0.0024394931 0.0024395944 0.0024397989 0.9289508321 0.0024400701 0.0024395105 0.0024391351
0.2114452410 0.0025644151 0.0025644594 0.0025644150 0.0025646244 0.0025645334 0.7680388587 0.0025647114 0.0025644519 0.0025642898
0.0029413670 0.0029416700 0.0029424672 0.0029414030 0.0029414092 0.0029416906 0.9735249040 0.0029413921 0.0029415383 0.0029421585
0.0025007291 0.0025010505 0.0025009698 0.0025003939 0.0025007095 0.0025009125 0.9774923167 0.0025005746 0.0025016605 0.0025006830
0.0023820201 0.0023812987 0.2603865934 0.0023813229 0.0023814030 0.0023812873 0.7205617600 0.0023812659 0.0023814819 0.0023815668
0.0027038671 0.0027030132 0.0027030677 0.0027030491 0.0027030748 0.0027030057 0.9756716103 0.0027029259 0.0027031943 0.0027031918
0.0250057305 0.0250078017 0.0250014926 0.0250165248 0.0250124834 0.0250050624 0.7749293266 0.0250082094 0.0250053058 0.0250080628
0.0090913893 0.0090916619 0.6894261850 0.0090916633 0.0090918228 0.0090914453 0.2378406943 0.0090922257 0.0090913403 0.0090915722
0.0142858553 0.0142874004 0.0142864417 0.0142860231 0.0142857784 0.0142862349 0.4082941112 0.2956356576 0.0142866703 0.1960658271
0.0142869366 0.0142868699 0.0142871204 0.0142861187 0.0142872928 0.0142866149 0.8714173186 0.0142886221 0.0142870904 0.0142860156
0.0076934784 0.0076935295 0.0076926124 0.0076961559 0.0076925719 0.0076930875 0.7307106137 0.0076939497 0.0076953039 0.2077386972
0.0200010980 0.0200014613 0.0200009004 0.0200003509 0.0200022954 0.0200007354 0.8199855361 0.0200063330 0.0200007355 0.0200005539
0.0083338510 0.0083345551 0.0083340145 0.0083377462 0.0083348391 0.0083339090 0.3344648696 0.5988549502 0.0083340745 0.0083371907
0.0014288968 0.0014287876 0.0014288283 0.0014287563 0.0014288227 0.0014288188 0.8993982765 0.0891713527 0.0014287962 0.0014286640
0.0725302833 0.0010991120 0.0010991802 0.0010989916 0.0010990871 0.0010991421 0.9186767793 0.0010992992 0.0010991211 0.0010990041
0.0008773373 0.0008773375 0.0008774537 0.0008772876 0.0329415436 0.0008773859 0.9041022912 0.0568145246 0.0008773624 0.0008774762
0.1948194880 0.0012824528 0.0012823560 0.0012822761 0.0012822704 0.0012824761 0.7949213526 0.0012825407 0.0012824908 0.0012822966
0.0014712426 0.1108068308 0.0014709144 0.0014708367 0.0014708938 0.0014710245 0.8774255602 0.0014707947 0.0014711146 0.0014707878
0.0033334291 0.0033334620 0.0033338166 0.0033336847 0.0033335204 0.0033335236 0.9699980581 0.0033335581 0.0033334799 0.0033334675
0.0399294045 0.0010990370 0.0010993271 0.0010990092 0.0010992175 0.0010991059 0.9512769269 0.0010990677 0.0010991091 0.0010997950
0.0008773822 0.0008773263 0.0008774344 0.0008773009 0.0008772990 0.0008773228 0.9921039413 0.0008773545 0.0008773453 0.0008772932
0.0013894332 0.0013890146 0.0013893360 0.0013890906 0.0013891345 0.0013891121 0.9874974063 0.0013893151 0.0013891609 0.0013889968
0.0724973702 0.0022729140 0.0022729990 0.0022731864 0.0022729647 0.0022729430 0.9093187301 0.0022729620 0.0022730877 0.0022728429
0.0234478542 0.0007094471 0.0007094506 0.0007093515 0.0007093696 0.0007094240 0.8330382930 0.0007094680 0.1385479658 0.0007093762
0.0014929010 0.0014929229 0.0014930039 0.0014929572 0.0014928026 0.0014928893 0.9595618776 0.0014927201 0.0014928850 0.0284950404
0.0015153539 0.0015156338 0.0015153660 0.0015154632 0.0015152313 0.0015153196 0.9863616725 0.0015153357 0.0015153421 0.0015152819
0.2951170967 0.0014088361 0.0014088508 0.0014085977 0.0014086475 0.0014087949 0.5936187802 0.0014086732 0.0014088475 0.1014028753
0.0010205024 0.0010205268 0.0010206307 0.0010204591 0.0010204574 0.0010204943 0.9908151294 0.0010205526 0.0010204861 0.0010207612
0.0012990098 0.0012991248 0.0967771868 0.0012988625 0.0012989098 0.0012991136 0.8928305695 0.0012988973 0.0012990110 0.0012993148
0.1587507802 0.0008548325 0.0008548487 0.0008549732 0.0008548272 0.0008548529 0.5399466725 0.0008548264 0.0008548532 0.2953185331
0.0012050447 0.0012050081 0.0012050875 0.0012049813 0.0012049628 0.0012049920 0.9891549419 0.0012049315 0.0012050404 0.0012050096
0.0012050191 0.0012050096 0.0012050377 0.0012050047 0.0012049046 0.0012049298 0.9891550454 0.0012050513 0.0012050004 0.0012049973
0.0066686374 0.0066697663 0.0066684349 0.0066706484 0.0066678615 0.0066692992 0.5190118867 0.3319136515 0.0066698171 0.1023899970
0.0055564319 0.0055567969 0.0055569648 0.0055597267 0.0055564885 0.0055567358 0.9499834469 0.0055578915 0.0055567361 0.0055587809
0.0062509558 0.0062505933 0.0062508849 0.0062536848 0.0062516281 0.0062508243 0.2800278718 0.6699623778 0.0062510406 0.0062501386
0.1624013485 0.0017860686 0.0017862300 0.0017860914 0.0017860313 0.0017861702 0.8233095020 0.0017861973 0.0017862175 0.0017861433
0.0010312308 0.0010311861 0.1194873858 0.0010311037 0.2099254202 0.1985722482 0.3038356895 0.1630232715 0.0010311594 0.0010313048
0.1788426459 0.0014087980 0.3987083999 0.0014089660 0.0014087283 0.0014087552 0.4125873984 0.0014088602 0.0014088244 0.0014086236
0.0016396285 0.0016395438 0.0016396384 0.0016397685 0.0016395511 0.0016395346 0.9852434281 0.0016397608 0.0016396952 0.0016394510
0.0023815129 0.0023813588 0.0023820302 0.0023815317 0.0023814637 0.0023815652 0.9785659257 0.0023817289 0.0023814914 0.0023813914
0.1229218707 0.0013515384 0.0013518196 0.0013516383 0.2300985761 0.0013517826 0.6375172552 0.0013516989 0.0013517129 0.0013521073
0.0034487432 0.2247545449 0.0034489302 0.0034493342 0.0034488896 0.0034487899 0.7476538139 0.0034497178 0.0034488134 0.0034484230
0.0017861802 0.0017860167 0.1845963579 0.0017862240 0.0719172045 0.0017862325 0.7309835030 0.0017862276 0.0017861020 0.0017859517
0.4984823033 0.0005209552 0.0005209479 0.0005209625 0.0005209194 0.0005209332 0.4973501649 0.0005209431 0.0005209835 0.0005208869
0.0020844997 0.0020836323 0.0020839638 0.0020838297 0.0020838795 0.0020840287 0.9812444931 0.0020843208 0.0020838674 0.0020834848
0.0011497081 0.0011496525 0.0011498193 0.0011495744 0.2044808798 0.0011497710 0.7299829595 0.0574884801 0.0011496255 0.0011495299
0.0020414642 0.0020412569 0.0020413451 0.0020413068 0.0020412302 0.0020415115 0.7135578423 0.2701105600 0.0020413539 0.0020421292
0.0071435018 0.0071433188 0.0071432771 0.3506023553 0.0071436591 0.0071432831 0.0071435255 0.5922504921 0.0071436542 0.0071429331
0.0033334909 0.0033342916 0.0033356487 0.0033341246 0.0033335260 0.0033340625 0.0033341858 0.9699927713 0.0033339432 0.0033339553
0.0100012885 0.0100012708 0.0100013168 0.0100045202 0.0100012867 0.0100009218 0.0100027470 0.9099842134 0.0100012785 0.0100011563
0.0076933469 0.0076930361 0.4797328605 0.0076955172 0.0076938779 0.0076936450 0.1889855033 0.2774239642 0.0076933452 0.0076949037
0.0020834745 0.0020834764 0.9582268815 0.0251045804 0.0020834671 0.0020834651 0.0020836954 0.0020838052 0.0020835207 0.0020836338
0.0001475117 0.0001475146 0.0001475380 0.0001475077 0.0001475282 0.0001475217 0.0001475216 0.0187244474 0.0001475168 0.9800953923
0.0001326605 0.0001326600 0.9137650929 0.0001326472 0.0001326496 0.0001326591 0.0851736323 0.0001326589 0.0001326649 0.0001326747
0.0001285594 0.0001285746 0.2415656503 0.0001285728 0.0001285644 0.0001285673 0.0128333311 0.7447010338 0.0001285699 0.0001285766
0.0100012188 0.0100011197 0.0100009662 0.2681801931 0.0100027935 0.0100012274 0.6518067134 0.0100043069 0.0100009289 0.0100005320
0.0003461533 0.3745940599 0.0387834492 0.0003460946 0.0003460754 0.2480466677 0.1199960742 0.2168491650 0.0003461280 0.0003461325
0.0030306667 0.0030304410 0.0030316527 0.0030304478 0.0030305376 0.0030305434 0.9727232791 0.0030308293 0.0030306847 0.0030309178
0.0024397960 0.0024393823 0.0024395651 0.0024392079 0.0024393602 0.0024395491 0.9780449895 0.0024393161 0.0024395319 0.0024393020
0.0058831023 0.0058827618 0.0058847920 0.0058844885 0.0058830571 0.0058830714 0.9470496894 0.0058831236 0.0058828397 0.0058830742
0.0025645371 0.0025646397 0.0025646898 0.0025642852 0.0025643081 0.0025644726 0.9769194540 0.0025647012 0.0025644623 0.0025644500
0.2281945030 0.0027036810 0.0027034078 0.0027032606 0.0027033001 0.0027033475 0.7501786495 0.0027032611 0.0027036719 0.0027029173
0.0045456881 0.0045456989 0.1364575360 0.0045460716 0.0045457595 0.0045458418 0.8271751837 0.0045456211 0.0045456970 0.0045469023
0.0058837953 0.0058833558 0.0058849100 0.1197076445 0.0058837307 0.0058834452 0.8332230068 0.0058839296 0.0058833318 0.0058828503
0.0037050135 0.0037047701 0.0037041661 0.0037039890 0.0037040988 0.0037044180 0.9666606584 0.0037044498 0.0037044427 0.0037039935
0.0017248098 0.0017244283 0.0017246260 0.0017242474 0.0017244118 0.0017244001 0.7905683585 0.1956357116 0.0017245161 0.0017244903
0.0010991340 0.0010990362 0.3480050885 0.0010991149 0.0010991202 0.0010991403 0.1615077921 0.4827934415 0.0010990618 0.0010990706
0.0011496498 0.0011495461 0.4349525802 0.0011495278 0.0011495848 0.0011496544 0.1785127117 0.3784876258 0.0011495755 0.0011495438
0.0027027968 0.0027031289 0.0027035278 0.0027031816 0.0027028152 0.0027029411 0.3737580696 0.6046173186 0.0027029667 0.0027032538
0.0022727933 0.0022729654 0.3154562380 0.0022729351 0.0022728225 0.0022729017 0.2770533915 0.3915798620 0.0022728956 0.0022731950
0.0047621421 0.0047624323 0.0047623027 0.0047634695 0.0047625083 0.0047621978 0.2143797746 0.7475195214 0.0047622242 0.0047634271
0.0062508860 0.0062509256 0.4766925413 0.0062506709 0.0062507289 0.0062509791 0.4732992099 0.0062516277 0.0062510407 0.0062513900
0.0200010980 0.0200014613 0.0200009004 0.0200003509 0.0200022954 0.0200007354 0.8199855361 0.0200063330 0.0200007355 0.0200005539
0.0100008194 0.0100013151 0.0100008183 0.0100067756 0.0100021411 0.0100009155 0.4066024456 0.2526833465 0.0100012287 0.2707001942
0.0000347451 0.0000347439 0.0190035396 0.0000347434 0.0000347422 0.0880941361 0.7814318401 0.1032687093 0.0000347442 0.0080280560
0.0000580200 0.0000580218 0.1780470584 0.0000580293 0.0000580181 0.0951944058 0.6962218140 0.0000580217 0.0000580210 0.0301885897
0.0045470493 0.0045470403 0.0045462512 0.0045473299 0.0045461750 0.0045463577 0.9590781316 0.0045481525 0.0045473817 0.0045461307
0.0033337627 0.0033338163 0.0033346443 0.0033335871 0.0033336125 0.0033336717 0.9699939759 0.0033353114 0.0033336661 0.0033339520
0.0066685780 0.0066678445 0.0066678564 0.1081472939 0.0066679932 0.0066681236 0.8385090935 0.0066682819 0.0066678838 0.0066670513
0.0037054349 0.0037038907 0.0037045412 0.0037038413 0.0037042268 0.0037040503 0.9666619574 0.0037039355 0.0037042920 0.0037038300
0.0043481959 0.0043485986 0.0043488468 0.0043487831 0.0043491125 0.0043489973 0.9608627116 0.0043481327 0.0043483533 0.0043482682
0.0027034920 0.0027030858 0.0027032047 0.0027028629 0.0027030084 0.0027033187 0.9756715556 0.0027032877 0.0027031651 0.0027030191
0.0027781197 0.0027780872 0.0027785739 0.0027779080 0.0027779920 0.0027781066 0.9749968985 0.0027782829 0.0027781887 0.0027778426
0.0025008763 0.0025002383 0.0025005442 0.0025002521 0.0025005294 0.0025003816 0.9774960446 0.0025005129 0.0025003975 0.0025002230
0.0050006998 0.0050005744 0.0050029606 0.0050004613 0.0050007392 0.0050011094 0.9549906626 0.0050007116 0.0050007617 0.0050013193
0.0031253894 0.0031256640 0.0031254995 0.0031251956 0.0031254637 0.0031252545 0.9718703108 0.0031262478 0.0031256806 0.0031252940
0.0166688355 0.0166696168 0.0166674323 0.0166728274 0.0166713783 0.0166685929 0.8499697935 0.0166730765 0.0166687339 0.0166697128
0.0100005500 0.0100010429 0.4690309720 0.0100011431 0.0100010112 0.0100008232 0.4509599035 0.0100028902 0.0100006059 0.0100010579
