0.9374053577 0.0089438805 0.0089364095 0.0089542835 0.0089326353 0.0089460837 0.0089376248 0.0089437252
0.0208704648 0.0208564829 0.0208417654 0.0208507399 0.0208387018 0.8540529515 0.0208432635 0.0208456302
0.0078379422 0.9452126403 0.0078245348 0.0078218660 0.0078222603 0.0078284944 0.0078232482 0.0078290137
0.9326386648 0.0096221565 0.0096196750 0.0096202788 0.0096185552 0.0096315281 0.0096212991 0.0096278425
0.8748718819 0.0178656983 0.0178756658 0.0178726377 0.0178659352 0.0178802358 0.0178671922 0.0179007532
0.0073602921 0.0073718209 0.0073595581 0.0073730324 0.0073632238 0.9484473037 0.0073617255 0.0073630436
0.0022338512 0.0022368036 0.0022351560 0.0022351874 0.0022356319 0.0022341120 0.1152843024 0.8713049555
0.0044696877 0.0044721826 0.0044694296 0.0044702308 0.0044748130 0.0044684154 0.3556284233 0.6175468176
0.0026071290 0.4545400919 0.0026067320 0.0026088614 0.0026083065 0.0026074242 0.0026072256 0.5298142294
0.0005716328 0.0005716485 0.0005715848 0.0005715930 0.0005714049 0.0005714729 0.0699749605 0.9265957026
0.0018399726 0.0018412277 0.0018402202 0.0018403181 0.0289786620 0.0018397808 0.0018407712 0.9599790474
0.2394392665 0.0050085265 0.0050046129 0.0050040197 0.0050084062 0.0050049702 0.4942935110 0.2412366870
0.0016910124 0.0016905777 0.0016906372 0.0016905341 0.0016910112 0.0016905717 0.7427101950 0.2471454606
0.0026064389 0.0026105791 0.0026068840 0.0026080685 0.0026089845 0.0026062774 0.0026061946 0.9817465728
0.0020518767 0.0020518956 0.1187148516 0.0020530265 0.0020509577 0.0738734666 0.0020523637 0.7971515615
0.0048133531 0.0048121427 0.0048113218 0.0048148963 0.0048110940 0.0048141280 0.0048195822 0.9663034819
0.0015070537 0.0015084393 0.0015073661 0.0015086191 0.0015077586 0.0015071599 0.0015075003 0.9894461031
0.0013756654 0.0013760171 0.0013755215 0.1278722280 0.0013758083 0.0013763900 0.0013758019 0.8638725678
0.0023174121 0.0023175599 0.0023174973 0.0023169570 0.0606984922 0.9253939274 0.0023188555 0.0023192987
0.0029791846 0.0029815295 0.0029802165 0.0029797509 0.0029818240 0.0029792924 0.3818561384 0.6002620637
0.9538971896 0.0065824833 0.0065877906 0.0065810678 0.0065843067 0.0065929279 0.0065863601 0.0065878741
0.0113894230 0.0113649760 0.0113700604 0.0113725815 0.0113670212 0.6580809113 0.0113673528 0.2736876738
0.0050158212 0.0050054682 0.0050033419 0.0050041254 0.0050041668 0.0050103088 0.0050030911 0.9649536765
0.0208704648 0.0208564829 0.0208417654 0.0208507399 0.0208387018 0.8540529515 0.0208432635 0.0208456302
0.0065878208 0.2190730045 0.0065873925 0.0065911054 0.0065882666 0.4063825215 0.0065944836 0.3415954051
0.9203751867 0.0113732732 0.0113697655 0.0113704555 0.0113681211 0.0113896637 0.0113720743 0.0113814601
0.8748959599 0.0178717524 0.0178728016 0.0178700074 0.0178698405 0.0178885466 0.0178625687 0.0178685229
0.8905031534 0.0156365690 0.0156394037 0.0156296446 0.0156505543 0.0156573322 0.0156374784 0.0156458644
0.0011073501 0.1059302268 0.0011089459 0.0011082120 0.0011076038 0.0011075638 0.0011081410 0.8874219566
0.0007407396 0.0007409276 0.0007407354 0.0007407043 0.0007405628 0.0007406589 0.5369327103 0.4586229611
0.0002052598 0.1075480523 0.0002052198 0.5882678091 0.0002051643 0.2106652489 0.0121213252 0.0807819207
0.0017141930 0.0017155782 0.0017145717 0.0017161529 0.1625648468 0.0017150692 0.0017143311 0.8271452571
0.0013323102 0.0013308400 0.0013310246 0.0013308326 0.0013311467 0.0013323067 0.1590787923 0.8329327469
0.9374053577 0.0089438805 0.0089364095 0.0089542835 0.0089326353 0.0089460837 0.0089376248 0.0089437252
0.0208704648 0.0208564829 0.0208417654 0.0208507399 0.0208387018 0.8540529515 0.0208432635 0.0208456302
0.0054456910 0.5745933462 0.0054428749 0.0054425710 0.0054429314 0.0054455570 0.0054447690 0.3927422594
0.9374537648 0.0089343592 0.0089322919 0.0089328481 0.0089315166 0.0089423200 0.0089336611 0.0089392384
0.0073607840 0.0073696259 0.0073594456 0.0073785551 0.0073623360 0.9484462591 0.0073604090 0.0073625854
0.8540440828 0.0208408583 0.0208513793 0.0208357847 0.0208403980 0.0208750868 0.0208379025 0.0208745075
0.0012024092 0.0012029110 0.0012025683 0.0012025151 0.0012035193 0.0189411202 0.0012038991 0.9738410577
0.1020257909 0.0019560010 0.0019556324 0.0019562894 0.0019583769 0.0019574602 0.0019582473 0.8862322019
0.9601882490 0.0056844507 0.0056886607 0.0056838110 0.0056862063 0.0056919626 0.0056874598 0.0056891999
0.0178875264 0.0178602266 0.0178679096 0.0178658032 0.0178634813 0.8749233310 0.0178606663 0.0178710555
0.0002301851 0.7849921703 0.0002300513 0.0002300656 0.2136269792 0.0002301519 0.0002302175 0.0002301790
0.0001463102 0.7505566119 0.0001462843 0.0001462817 0.0102469624 0.0941492403 0.0001463100 0.1444619992
0.0002058856 0.0002059863 0.0002058877 0.6023471710 0.0159155825 0.0002058805 0.0002059639 0.3807076425
0.3997465153 0.0069474622 0.0069470006 0.0069473196 0.0069478803 0.3051790113 0.0069490039 0.2603358067
0.0010259601 0.0010264887 0.0010258549 0.2555367682 0.0010265327 0.0010261164 0.2223920811 0.5169401979
0.1956408568 0.0035766717 0.0035746918 0.0035751989 0.0035771337 0.0035757898 0.3755243460 0.4109553113
0.9791222637 0.0029823316 0.0029827973 0.0029812956 0.0029823045 0.0029813993 0.0029851463 0.0029824619
0.0025034722 0.0025038736 0.0025034009 0.0025032137 0.2876982693 0.0025041474 0.2825294027 0.4172542202
0.7515407370 0.0031305392 0.0031315980 0.0031315135 0.0031293717 0.0031291915 0.0031294362 0.2296776127
0.0027228266 0.0027208806 0.0027211048 0.0027209087 0.0027206050 0.0027217658 0.4397178493 0.5439540592
0.0035788694 0.3979624745 0.0035770098 0.0035757173 0.0035768121 0.0035750542 0.0035761914 0.5805778713
0.0022762960 0.2082362608 0.0022761393 0.7781060069 0.0022772694 0.0022759366 0.0022755368 0.0022765542
0.3601688979 0.0019879867 0.0019866430 0.0019869068 0.0916169300 0.0019868713 0.3449208868 0.1953448775
0.0348804165 0.0023179162 0.0023176966 0.9512106618 0.0023177810 0.0023183158 0.0023182240 0.0023189880
0.0030543899 0.0030543117 0.0030529359 0.0933466641 0.3076463695 0.0030535074 0.2556983105 0.3310935110
0.0035786805 0.5128693713 0.0035760256 0.2166327597 0.0035772316 0.0035753499 0.0035783570 0.2526122243
0.0096246491 0.0096178583 0.0096395047 0.0096199434 0.0096177037 0.9326401834 0.0096184499 0.0096217074
0.0024064623 0.1301694349 0.0024085149 0.5800875641 0.2777035503 0.0024077077 0.0024074386 0.0024093272
0.0023178508 0.4555380092 0.0023178748 0.0023187320 0.1597012552 0.0023172100 0.0023185345 0.3731705336
0.0025533489 0.0025546511 0.0025531037 0.5989365415 0.1749204131 0.0025536688 0.0025547861 0.2133734868
0.0029132834 0.1492082368 0.0029106495 0.0029095943 0.0029131075 0.0029137083 0.0029110946 0.8333203255
0.2298804020 0.0025566527 0.0025526676 0.0025533633 0.0025538632 0.0025526631 0.0025533580 0.7547970301
0.0022745466 0.0022765390 0.0022749411 0.9840682147 0.0022773281 0.0022741802 0.0022770238 0.0022772266
0.0032084827 0.0032115740 0.0032092485 0.0032100597 0.5141253083 0.0032097109 0.0032096184 0.4666159974
0.1801856044 0.0034764261 0.0034757613 0.0034763119 0.0034753332 0.0034760940 0.0034767407 0.7989577285
0.0037891289 0.0037902579 0.0037895364 0.0037899765 0.0037899698 0.0037899193 0.0037929214 0.9734682898
0.1234697329 0.6724287627 0.0031293609 0.0031310044 0.0031306996 0.0031303002 0.0031290506 0.1884510888
0.0438588483 0.0000389636 0.0000389642 0.8390870829 0.0578765502 0.0590216850 0.0000389572 0.0000389486
0.0026634862 0.6278879359 0.0026616759 0.0026638070 0.1559661694 0.0026637249 0.0026621947 0.2028310058
0.0021210612 0.0021214924 0.0021205916 0.1274669394 0.0021218217 0.0021205912 0.4610852471 0.4008422554
0.0024060596 0.1401245862 0.0024072770 0.0024060961 0.0024082741 0.0024065096 0.0024081550 0.8454330423
0.0033024665 0.0032983479 0.0032945823 0.0032942723 0.0032929440 0.0032924639 0.0032918064 0.9769331167
0.0618244161 0.0020200463 0.0020185522 0.0450142737 0.8830660671 0.0020201529 0.0020183775 0.0020181143
0.0025020695 0.0025036889 0.0025018359 0.1350288361 0.0025027705 0.0025047680 0.0025039166 0.8499521145
0.0035755719 0.0035782627 0.0035742136 0.9749712228 0.0035743233 0.0035755817 0.0035742628 0.0035765613
0.0027201178 0.0027230592 0.0027204382 0.5363113993 0.0027215920 0.0027199729 0.0027214918 0.4473619289
0.0025031783 0.0025061481 0.0025051846 0.0025043073 0.0025054036 0.0025021781 0.0838970400 0.9010765599
0.7810368586 0.0312618336 0.0312559402 0.0312783964 0.0312790825 0.0313579754 0.0312568824 0.0312730308
0.0208482959 0.0208560106 0.0208410627 0.0208429643 0.0208381008 0.8540854543 0.0208425485 0.0208455628
0.0056971653 0.5655549912 0.0056885533 0.0056889835 0.0056875944 0.0056924465 0.4002941600 0.0056961058
0.0104359768 0.0104326220 0.0104503366 0.0104243899 0.0104310672 0.9269628797 0.0104277097 0.0104350182
0.0013465843 0.0013462944 0.0013462710 0.0013467145 0.0455968609 0.0013465080 0.0013459143 0.9463248528
0.0012168834 0.0012156180 0.0012152406 0.0012159984 0.0012151412 0.0012150614 0.0012159598 0.9914900971
0.0016678195 0.0016692214 0.0016685336 0.0016687588 0.0016701026 0.0016695731 0.0016701617 0.9883158293
0.0020873690 0.0020866528 0.0020852174 0.0020888404 0.0020908391 0.0020882200 0.0020889307 0.9853839306
0.0013181861 0.0013171223 0.0013192830 0.0013174148 0.0013170303 0.0013191929 0.0013193601 0.9907724105
0.0026083132 0.0026064463 0.0026063390 0.0026065489 0.0026061392 0.0026069115 0.0026086622 0.9817506398
0.0029136728 0.0029178128 0.0029154794 0.0029102036 0.0029125940 0.0029094771 0.0029117215 0.9796090389
0.0378231833 0.0010884785 0.0010882407 0.0010882601 0.0010883277 0.0010882528 0.2544666628 0.7022685941
0.9889076563 0.0015847839 0.0015839936 0.0015856222 0.0015847334 0.0015840210 0.0015849599 0.0015842296
0.0013317192 0.0013324616 0.0706934313 0.0013328591 0.0013322314 0.0013311592 0.1208467871 0.8017993510
0.0014897549 0.0014898466 0.0014896019 0.0014905389 0.0306144767 0.0014894674 0.0014899297 0.9604463838
0.0013914377 0.0013920534 0.0013909007 0.0013905213 0.0013919995 0.0013906775 0.4704698487 0.5211825611
0.0345930656 0.0015659912 0.0015660446 0.0015646802 0.0015652486 0.0015639650 0.0015661356 0.9560148692
0.2142256328 0.0021953199 0.0021972303 0.1906263121 0.0021948856 0.5841678646 0.0021960339 0.0021967208
0.0208556048 0.0208422979 0.0208474029 0.0208397209 0.0208481235 0.8540658053 0.0208495586 0.0208514860
0.0001285702 0.3829988457 0.0001285267 0.0001285374 0.5828844643 0.0213644861 0.0001286144 0.0122379553
0.0113751852 0.0113662642 0.4469331677 0.0113666768 0.0113659769 0.4848621002 0.0113654511 0.0113651780
0.0001309441 0.1347262271 0.0001309030 0.0001309176 0.8644880936 0.0001309470 0.0001309932 0.0001309744
0.0031303299 0.0031307915 0.0031285412 0.0031338650 0.9780732537 0.0031314387 0.0031343378 0.0031374421
0.0036812461 0.1932948567 0.0036842528 0.0036811812 0.0036832619 0.0036802155 0.2657440841 0.5225509017
0.0041726192 0.0041740060 0.0041714540 0.8138021914 0.0041723866 0.0041737755 0.0041724105 0.1611611569
0.0906859857 0.0026618614 0.0026626038 0.0026612357 0.0026612698 0.0026608851 0.0026649228 0.8933412358
0.0026642538 0.0026632384 0.0026621061 0.1836772155 0.0026649179 0.6311364456 0.0026626723 0.1718691505
0.8212785563 0.1639969693 0.0024535896 0.0024558097 0.0024544868 0.0024530371 0.0024536712 0.0024538800
0.0046353703 0.0046340022 0.0046334280 0.0046332540 0.0046362308 0.0046323495 0.1733615411 0.7988338241
0.0986547272 0.0019280720 0.0019280355 0.0019260479 0.0019258603 0.0019267542 0.0019254106 0.8897850923
0.0039173837 0.0039148802 0.0039144153 0.0039132598 0.0039126241 0.0039115574 0.0039141541 0.9726017255
0.2052118026 0.4807290662 0.0036817946 0.0036817959 0.0036830971 0.0036819308 0.0036810235 0.2956494893
0.4306802584 0.0034772886 0.0034771782 0.0034783748 0.0034752276 0.0034777214 0.0034763336 0.5484576175
0.0030530750 0.1412220586 0.0030546752 0.0526795005 0.0030554656 0.0030543626 0.0030557926 0.7908250699
0.0029819805 0.0029811326 0.0029803127 0.0029824548 0.7327574304 0.0029817903 0.0029799191 0.2493549796
0.0039112646 0.1218935542 0.0039117897 0.0039139870 0.0039105876 0.0039105466 0.0039096443 0.8546386261
0.0250370277 0.0250026833 0.0250098266 0.0250095412 0.0250056322 0.8249206146 0.0250023656 0.0250123087
0.9909727760 0.0012893484 0.0012894367 0.0012892008 0.0012902941 0.0012903945 0.0012891401 0.0012894094
0.9950821101 0.0007024173 0.0007026569 0.0007024535 0.0007024562 0.0007030036 0.0007024757 0.0007024267
0.8248627790 0.0250322681 0.0250280215 0.0250117166 0.0250205395 0.0250297600 0.0250067200 0.0250081953
0.0156393618 0.0156280789 0.0156273822 0.0156272330 0.0156318965 0.8905812254 0.0156329436 0.0156318786
0.7438660992 0.0701500191 0.0112606220 0.0000309393 0.0142579834 0.1297099816 0.0284246297 0.0022997257
0.7941050237 0.0573292994 0.0047467390 0.0278256874 0.0320195594 0.0146054062 0.0346566366 0.0347116483
0.0027819892 0.5404332453 0.0027817026 0.0027828945 0.0027812574 0.0027826086 0.0027811946 0.4428751079
0.8236633054 0.1592675804 0.0028448662 0.0028453293 0.0028448828 0.0028434162 0.0028443137 0.0028463061
0.5127344129 0.0024079788 0.0024069367 0.0024085333 0.0024074579 0.0024062532 0.2244169779 0.2508114493
0.0039119096 0.0039099105 0.0039115345 0.0039107591 0.9152164880 0.0039106364 0.0039108628 0.0613178990
0.6372130205 0.0022773866 0.0022763011 0.2908186489 0.0022768228 0.0022757763 0.0605851847 0.0022768592
0.7701005416 0.0023632451 0.0023632687 0.2157199431 0.0023638755 0.0023620365 0.0023638791 0.0023632105
0.5329227292 0.0025551056 0.0025539225 0.1521135666 0.0025543905 0.0025532123 0.0025544096 0.3021926636
0.0022342716 0.1976576833 0.0022342364 0.0022351085 0.0022396918 0.0022339331 0.0022343639 0.7889307114
0.0861724617 0.2774381526 0.0023622672 0.1160423805 0.0023630442 0.2670323760 0.1171579775 0.1314313402
0.0037915840 0.1762471648 0.0037966726 0.0037923259 0.0037910425 0.0037899707 0.0037921218 0.8009991177
0.0034755886 0.3980483956 0.0034762985 0.0034818509 0.0034771556 0.0034742574 0.0034767807 0.5810896727
0.4668097301 0.0609452977 0.0021584195 0.0021586668 0.2643349028 0.0021588908 0.1283729145 0.0730611777
0.7206042273 0.0023630153 0.0023639882 0.0023616690 0.0023631585 0.0023634449 0.0023625443 0.2652179524
0.5953156563 0.0027836928 0.1405233375 0.2502508847 0.0027832596 0.0027802281 0.0027816186 0.0027813223
0.0017894531 0.1856576284 0.0017879331 0.2528684278 0.0017888982 0.0017876759 0.1977336204 0.3565863630
0.3224508322 0.0018975598 0.0018959365 0.0018970227 0.1805825938 0.0018969235 0.4874822689 0.0018968625
0.8095569653 0.1744623407 0.0026628570 0.0026640497 0.0026627964 0.0026628606 0.0026627493 0.0026653811
0.9846224294 0.0021967728 0.0021955145 0.0021975326 0.0021974045 0.0021955387 0.0021977994 0.0021970081
0.0023172252 0.0023191483 0.0023173397 0.0023177859 0.0023185540 0.0023167597 0.3647087110 0.6213844763
0.1992950228 0.0022768759 0.0388002793 0.2210697979 0.0022769510 0.0022766364 0.0022754777 0.5317289589
0.0020537530 0.4287598605 0.0020534193 0.5589206485 0.0020525409 0.0020528021 0.0020528381 0.0020541376
0.3400255783 0.0021218462 0.0021208802 0.5140234877 0.0021208585 0.0021216485 0.1353425622 0.0021231384
0.1252688225 0.0374183771 0.0017879137 0.4108202673 0.2685803309 0.0017880322 0.0017893481 0.1525469081
0.7810368586 0.0312618336 0.0312559402 0.0312783964 0.0312790825 0.0313579754 0.0312568824 0.0312730308
0.0156466881 0.0156529668 0.0156349067 0.0156347857 0.0156321326 0.8905243048 0.0156347359 0.0156394794
0.0250324612 0.8246777096 0.0250390384 0.0250170098 0.0250464778 0.0250426264 0.0250597973 0.0250848796
0.0062647495 0.6204820697 0.0062614953 0.0062582887 0.0062566914 0.0062564287 0.0062614661 0.3419588107
0.7810221573 0.0313158703 0.0312975704 0.0312681435 0.0312842092 0.0312877365 0.0312612685 0.0312630444
0.0010800855 0.1787415637 0.0010792780 0.0010788123 0.0010795396 0.0010796755 0.0397383501 0.7761226952
0.0366233395 0.0007920126 0.0007922768 0.0007918562 0.0007920031 0.0007925585 0.0007926974 0.9586232559
0.0007281108 0.3303388191 0.0473214769 0.1314015472 0.2907247550 0.0161121208 0.0007278762 0.1826452941
0.0790239906 0.2103018828 0.0010612171 0.0010614702 0.0010611502 0.0010610278 0.0010615246 0.7053677367
0.0010439793 0.0010438947 0.0010433269 0.0010437895 0.9926940964 0.0010438426 0.0010434231 0.0010436474
0.3624903511 0.4143348626 0.0030531562 0.0030535996 0.0030533964 0.0030548846 0.0030522027 0.2079075468
0.0008462014 0.1463541133 0.0008454842 0.0008459922 0.0008464115 0.0008462741 0.1470250518 0.7023904715
0.2597394586 0.4178324217 0.0006768496 0.0006769125 0.0264094812 0.0006766527 0.2298014948 0.0641867289
0.6700481533 0.0013315060 0.0013309355 0.0013318264 0.0013334067 0.0013311146 0.0392160148 0.2840770428
0.0380067437 0.0013466413 0.0013470942 0.0013463256 0.0584333269 0.0013464984 0.5540979418 0.3440754280
0.0006454913 0.0006453216 0.0006452278 0.3755801138 0.1541980246 0.0006456536 0.4669948909 0.0006452764
0.1391104264 0.6462949711 0.0010978517 0.0010985354 0.0971630196 0.0010987676 0.0010980582 0.1130383698
0.6059211131 0.2084603239 0.0010607587 0.0010602087 0.0010611002 0.0010601331 0.1803153216 0.0010610407
0.0962599174 0.0017155037 0.0017146693 0.0017149462 0.0017154182 0.0017158429 0.3647831630 0.5303805392
0.4772631287 0.3475293426 0.0009280391 0.1705700860 0.0009271295 0.0009269870 0.0009273390 0.0009279482
0.0011708757 0.0011704057 0.0011700793 0.0011702538 0.0011700282 0.0011707749 0.1810396910 0.8119378914
0.0008183610 0.0008183291 0.0008178634 0.2022689755 0.0008182208 0.0008187378 0.7928211863 0.0008183261
0.1957032524 0.0009414680 0.0009409078 0.0649495538 0.3146749732 0.0009410669 0.3431243296 0.0787244484
0.3539348712 0.0010016305 0.0010012941 0.2525118893 0.1948110815 0.0010010908 0.1947366899 0.0010014527
0.0052132609 0.0052127242 0.0052119568 0.0052148282 0.0052116140 0.9635084280 0.0052106232 0.0052165647
0.9374501720 0.0089343911 0.0089326272 0.0089332600 0.0089317217 0.0089437543 0.0089338374 0.0089402362
0.0015451292 0.0015463086 0.0015446974 0.0015464791 0.0015461019 0.0015459720 0.2176150379 0.7731102739
0.0012900079 0.0374843835 0.0012898910 0.0012912519 0.0012920386 0.0012909925 0.0337658542 0.9222955804
0.0018416409 0.0018412772 0.0018405552 0.4058601180 0.0018399864 0.0018427902 0.0018412303 0.5830924019
0.9048205295 0.0017143989 0.0017146106 0.0017141420 0.0017147093 0.0017143849 0.0848931162 0.0017141086
0.2570783978 0.0019261952 0.0019250841 0.0019245250 0.0019248962 0.0019243424 0.0019243711 0.7313721882
0.0016683247 0.0016694605 0.0016689859 0.0016697832 0.0016684917 0.0016693380 0.0816740160 0.9083116000
0.0033857710 0.0033857960 0.1470672028 0.0033823392 0.0033856956 0.0033811536 0.0033826421 0.8326293997
0.0020506266 0.0020518552 0.0020505927 0.0020514595 0.0020504063 0.0020510792 0.0020511261 0.9856428543
0.0018400444 0.0018408793 0.0018402548 0.0018404779 0.0018398726 0.0018392086 0.0018408719 0.9871183903
0.0517427053 0.0010525934 0.0010518703 0.0580069797 0.0010521287 0.0010519357 0.0010527079 0.8849890790
0.0019852980 0.0019866980 0.0019857620 0.0019872947 0.0019861145 0.0019855551 0.0019869652 0.9860963126
0.0156431258 0.0156305939 0.0156351858 0.0156306606 0.0156401036 0.8905540425 0.0156309913 0.0156352964
0.5618794468 0.0025042224 0.0025042005 0.0994759308 0.0025037989 0.2158818217 0.1127451035 0.0025054755
0.0025040762 0.0025052145 0.0025036558 0.0025039976 0.5750867548 0.0025045392 0.0025047598 0.4098870021
0.0331538210 0.0040390903 0.0040379773 0.0040386171 0.0040406480 0.0040378019 0.0040392817 0.9426127627
0.0701288442 0.1401260857 0.0021581836 0.0021572990 0.0021580229 0.0021579591 0.0021593018 0.7789543038
0.0029129024 0.9521671594 0.0029092431 0.0029116788 0.0303665982 0.0029100072 0.0029115658 0.0029108453
0.0036832563 0.0036821524 0.0036792350 0.3588909854 0.0036831430 0.0036796039 0.0036808139 0.6190208101
0.0723415314 0.0043131368 0.0043127177 0.0043135989 0.0043144890 0.0043134991 0.0043134479 0.9017775792
0.0022354437 0.0022347318 0.0022347136 0.1259109524 0.8606737837 0.0022360296 0.0022364763 0.0022378688
0.0014914062 0.0014911945 0.2234146710 0.0014903701 0.0014912324 0.0014936576 0.0014908798 0.7676365883
0.7810221573 0.0313158703 0.0312975704 0.0312681435 0.0312842092 0.0312877365 0.0312612685 0.0312630444
0.0139025029 0.0138914297 0.0138909759 0.0138922208 0.0138946702 0.9027385183 0.0138950720 0.0138946101
0.0643808624 0.1187408463 0.0000301222 0.1771421956 0.3260244015 0.2425952825 0.0000301241 0.0710561654
0.0000512907 0.0925185865 0.0000512693 0.6293422247 0.0000512817 0.2775140258 0.0000512752 0.0004200460
0.0037903297 0.0037914143 0.0037919438 0.0037901076 0.0037903903 0.0037891813 0.0037901038 0.9734665292
0.4171071761 0.0028437582 0.0028439620 0.0028448943 0.0028440687 0.0028453506 0.0028462419 0.5658245482
0.0048103381 0.0048101021 0.0048096695 0.0048110887 0.0048096913 0.0048115287 0.0048109590 0.9663266225
0.0024088953 0.1726802245 0.0024069818 0.0024081843 0.2879728494 0.0024060980 0.1711541078 0.3585626589
0.5405543696 0.4411264233 0.0030549096 0.0030523171 0.0030533734 0.0030536560 0.0030512770 0.0030536740
0.0026616090 0.0026632284 0.0026622425 0.8352031789 0.1488192259 0.0026619982 0.0026652978 0.0026632193
0.0021568931 0.2046970426 0.0021574010 0.0021567960 0.0021587131 0.0021561599 0.0021572400 0.7823597543
0.2401085335 0.0016472058 0.0016464477 0.2029549437 0.1129473949 0.0875980285 0.0016472449 0.3514502010
0.0040375470 0.1066554936 0.0040355742 0.3123057485 0.0040376916 0.0040381508 0.0040371981 0.5608525962
0.0021963671 0.0021964592 0.0021966335 0.0021959133 0.5320166990 0.0021962766 0.3399288674 0.1170727838
0.8540677932 0.0208383308 0.0208361355 0.0208456566 0.0208452981 0.0208877124 0.0208361877 0.0208428857
0.2846257508 0.6758457925 0.0065898984 0.0065852479 0.0065887541 0.0065888517 0.0065862515 0.0065894531
0.8540761024 0.0208534402 0.0208518944 0.0208415771 0.0208482392 0.0208519690 0.0208379419 0.0208388358
0.0009863258 0.1132402686 0.0009855620 0.0009859552 0.2385249199 0.0009860312 0.4989317406 0.1453591966
0.6914339283 0.2922401510 0.0027202936 0.0027215389 0.0027223829 0.0027209482 0.0027200149 0.0027207423
0.0257774621 0.0006993355 0.0006990947 0.0006995070 0.0006996121 0.0006995335 0.1201043597 0.8506210955
0.0007119090 0.8762016097 0.0007114579 0.0007116155 0.1195272028 0.0007118781 0.0007128493 0.0007114779
0.0014724759 0.0014730381 0.0014725171 0.5381379791 0.0014723449 0.0916850251 0.0014729085 0.3628137113
0.0022765151 0.0022768191 0.0022767314 0.0022765148 0.0022765176 0.1596730852 0.0022755613 0.8266682555
0.1374216946 0.4964293701 0.0010610575 0.0010608155 0.0010612788 0.0010613668 0.0010614213 0.3608429955
0.0021994629 0.0021965008 0.0021950688 0.0021978613 0.0021957665 0.0021992421 0.0021970807 0.9846190170
0.2155326884 0.0688612747 0.0011592940 0.0011588372 0.7098109439 0.0011596582 0.0011589986 0.0011583050
0.1679090494 0.0016919338 0.0016918539 0.5581487445 0.1824803218 0.0016914623 0.0846926717 0.0016939626
0.0008350243 0.1740245617 0.0008344666 0.0008348588 0.1479430745 0.0710443640 0.3660258310 0.2384578190
0.0052132609 0.0052127242 0.0052119568 0.0052148282 0.0052116140 0.9635084280 0.0052106232 0.0052165647
0.9374356438 0.0089359281 0.0089337999 0.0089329236 0.0089374851 0.0089459673 0.0089365805 0.0089416717
0.8748457019 0.0178727221 0.0178760312 0.0178625274 0.0178913752 0.0178959408 0.0178726091 0.0178830922
0.0073603115 0.0073707312 0.0073596021 0.0073730737 0.0073636481 0.9484490266 0.0073610288 0.0073625781
0.0023168245 0.0023179968 0.0023169850 0.0380243920 0.0023166618 0.0023166429 0.2089941600 0.7413963370
0.0034760218 0.0034762463 0.0034763267 0.0034754613 0.0034774100 0.0034822222 0.0034784748 0.9756578369
0.2195289409 0.0018144417 0.0018142011 0.0018147619 0.0018147982 0.0018138374 0.0018130849 0.7695859339
0.0041707017 0.0041807204 0.0041772048 0.0041772278 0.0041737873 0.0041809792 0.0041774442 0.9707619345
0.0021572625 0.0021615768 0.0021587742 0.0021574362 0.0021585973 0.9848927064 0.0021573674 0.0021562792
0.0017148090 0.0017139174 0.0017134066 0.0017133657 0.0017131469 0.0017136631 0.0017140318 0.9880036594
0.0009339373 0.0009337906 0.2619216195 0.0009335957 0.0009342931 0.0394143273 0.0575887284 0.6373397081
0.0020503065 0.0020508247 0.0608666171 0.0020529707 0.0020511688 0.0020528119 0.0020512611 0.9268240392
0.0022779527 0.3615854409 0.0022762933 0.0022744518 0.2191444123 0.0022747464 0.0022770946 0.4078896081
0.0014383556 0.0014391758 0.0014386988 0.0014380290 0.0971360165 0.8597485875 0.0014398095 0.0359213273
0.0005873876 0.1669550100 0.0005878167 0.0005875644 0.1492050842 0.1646265145 0.0005879102 0.5168627123
0.0043134428 0.0043189136 0.0043150464 0.0043145858 0.0043181358 0.0043139446 0.0043183944 0.9697875366
0.0012657257 0.0012641827 0.0012643104 0.0012635722 0.0012638772 0.0012633344 0.0012637357 0.9911512617
0.0029781294 0.0029785478 0.0029787148 0.0029784380 0.0029790116 0.0029789843 0.0029788524 0.9791493218
0.0013904147 0.4140681116 0.0013907832 0.0013907511 0.0013920161 0.0013905245 0.0013906120 0.5775867868
0.0025017189 0.0025016021 0.0025027934 0.0025013454 0.0025032866 0.0025026596 0.0025020846 0.9824845094
0.0017148123 0.1255623684 0.0017156607 0.0017153461 0.2001569922 0.0469685745 0.0017155515 0.6204506942
0.0021218390 0.0021222141 0.0021214050 0.0454533728 0.0394030434 0.0021203710 0.0021220513 0.9045357034
0.1401693995 0.0012776509 0.0012775050 0.0743836560 0.0012784941 0.7790573295 0.0012782052 0.0012777598
0.1450418172 0.0017378922 0.0017389146 0.0017385073 0.0017378570 0.8445303556 0.0017370613 0.0017375947
0.0017887404 0.8807042081 0.0017875093 0.0017889846 0.0017892849 0.1085634488 0.0017881583 0.0017896655
0.0057026727 0.7428135388 0.0056870897 0.0056929166 0.0056962094 0.0056893557 0.2230197504 0.0056984667
0.0034797960 0.6365989270 0.0034778170 0.0034754872 0.0034782044 0.0034764853 0.0034766884 0.3425365947
0.0921690520 0.0009416889 0.0009416480 0.4378627598 0.0009413759 0.0910578583 0.2394475925 0.1366380246
0.0022366088 0.0022389618 0.0022370070 0.0022371403 0.0022390535 0.0022347414 0.1141020128 0.8724744744
0.0050069964 0.0050087159 0.0050052259 0.2227047459 0.1784456599 0.0050113372 0.0050092484 0.5738080705
0.0032074172 0.0032122610 0.0032090162 0.0032108308 0.0032112669 0.0032073983 0.3031888022 0.6775530075
0.9945902160 0.0007718006 0.0007723304 0.0007718486 0.0007729479 0.0007727520 0.0007734736 0.0007746309
0.8248627790 0.0250322681 0.0250280215 0.0250117166 0.0250205395 0.0250297600 0.0250067200 0.0250081953
0.0139025029 0.0138914297 0.0138909759 0.0138922208 0.0138946702 0.9027385183 0.0138950720 0.0138946101
0.0000206113 0.0000206064 0.0000206042 0.0000206069 0.8849611388 0.0928119813 0.0221238386 0.0000206125
0.0001644918 0.0001645358 0.0213597082 0.0001645110 0.0001645135 0.9776533110 0.0001644530 0.0001644757
0.7535975353 0.0032066213 0.0032069752 0.0032061797 0.0032064470 0.2271579155 0.0032065908 0.0032117352
0.4030085480 0.0054371162 0.0054394230 0.0054368795 0.0054371114 0.5643648734 0.0054372097 0.0054388388
0.4365681605 0.0046321526 0.0046312245 0.0046316954 0.0046313325 0.5356397024 0.0046313218 0.0046344104
0.0096463377 0.0096175389 0.0096218816 0.0096178120 0.0096174654 0.9326434080 0.0096178017 0.0096177547
0.0069528407 0.0069471177 0.0069479700 0.0069499101 0.0069479831 0.5271600229 0.0069464243 0.4311477312
0.0015257544 0.0015252119 0.0015256301 0.0015252000 0.0015254784 0.9893225281 0.0015251364 0.0015250608
0.0048104625 0.0048092383 0.0048136989 0.0048102086 0.0048093152 0.9663251586 0.0048092404 0.0048126775
0.0056874093 0.0056853352 0.0056941891 0.0056847704 0.0056850308 0.9601956882 0.0056828856 0.0056846913
0.7662284647 0.0003343425 0.0003346406 0.0003343631 0.0003351355 0.2317643308 0.0003343621 0.0003343606
0.8748429759 0.0178752924 0.0178767321 0.0178764540 0.0178840751 0.0179016702 0.0178690168 0.0178737834
0.0083501111 0.0083459451 0.0083545922 0.0083410908 0.0083386563 0.9415959464 0.0083371199 0.0083365381
0.0467878868 0.0215373948 0.0000187473 0.0139690771 0.1848376694 0.7328117195 0.0000187534 0.0000187516
0.0313384705 0.0313308791 0.0312797457 0.0312752468 0.0312739766 0.7809324587 0.0312757538 0.0312934688
0.0054482314 0.9618807511 0.0054443262 0.0054419992 0.0054437342 0.0054447756 0.0054471756 0.0054490066
0.0352062203 0.1282178496 0.5225027005 0.1085929203 0.0447731104 0.0002878561 0.0002877224 0.1601316204
0.0003725402 0.4109650486 0.2842447329 0.0003725367 0.1168024058 0.0003725343 0.0003725863 0.1864976152
0.0083450290 0.6483615112 0.3015619955 0.0083419299 0.0083448852 0.0083437010 0.0083485574 0.0083523908
0.0250401394 0.0250361208 0.8246758857 0.0250560388 0.0250265002 0.0250547504 0.0250078993 0.0251026654
0.0002832272 0.2645979405 0.3791801035 0.0002832368 0.0002833306 0.0002830838 0.0002832820 0.3548057956
0.0004256765 0.1066904338 0.2715454142 0.0004257973 0.0004260413 0.0004257001 0.3369704316 0.2830905051
0.0018404988 0.6135755076 0.0018416979 0.0018405630 0.0018425035 0.0018423917 0.0018426427 0.3753741950
0.0006916539 0.0997838302 0.7487674805 0.0006919602 0.0006917451 0.0006920408 0.0006920551 0.1479892341
0.0012031772 0.1758022229 0.5026829418 0.0012031186 0.0012038949 0.0012029321 0.0012030301 0.3154986823
0.0001659463 0.7387422411 0.0001658590 0.0001658622 0.1407443671 0.0001657450 0.0151628542 0.1046871250
0.0010009435 0.1351980324 0.4723983426 0.0010017456 0.0986601976 0.0010010115 0.0010017936 0.2897379330
0.0014551953 0.0014570648 0.8733688650 0.1178977697 0.0014558795 0.0014550729 0.0014547311 0.0014554218
0.0002469575 0.5650395158 0.0748811692 0.1024736136 0.1301816633 0.0002470287 0.1266829813 0.0002470707
0.0083461369 0.6194141684 0.0083426376 0.0083414170 0.0083474599 0.0083460768 0.0083596017 0.3305025017
0.8122612385 0.0059556635 0.0059569653 0.0059542034 0.0059552760 0.1520045416 0.0059537045 0.0059584071
0.4990183167 0.2823825297 0.0000892934 0.0331885599 0.1437426189 0.0000892759 0.0000892856 0.0414001198
0.8873401229 0.0008231724 0.0008231616 0.0008231737 0.0008229219 0.0008233985 0.0008227738 0.1077212751
0.0078204945 0.0078311248 0.0078196128 0.0078353360 0.0078228579 0.9452270019 0.0078208317 0.0078227405
0.5069612254 0.0021970417 0.0863703281 0.2421385563 0.0021947958 0.0021975160 0.0021972511 0.1557432857
0.9538965486 0.0065835600 0.0065877547 0.0065808664 0.0065860653 0.0065920109 0.0065854328 0.0065877613
0.0312860779 0.0312532578 0.0312632665 0.0312605283 0.0312561674 0.7811567748 0.0312530983 0.0312708289
0.0625485751 0.0625021779 0.0625021353 0.0625110526 0.0625049892 0.5624007780 0.0625084154 0.0625218765
0.0056919643 0.0056943281 0.0056933180 0.0056936225 0.0056914759 0.9601531533 0.0056897757 0.0056923622
0.0069581423 0.0069558374 0.0069576677 0.1809415531 0.0069496485 0.2714905049 0.1039687850 0.4157778610
0.0104382178 0.0104205041 0.0104329102 0.0104233870 0.0104190889 0.9269937028 0.0104272997 0.0104448894
0.6399643730 0.0015249038 0.0733869649 0.0015252970 0.0015251225 0.2790215125 0.0015249565 0.0015268698
0.0138987497 0.0139057094 0.0138943873 0.2422639215 0.0139031150 0.6743505649 0.0138908721 0.0138926803
0.3750488498 0.0139004453 0.0138972198 0.0139033724 0.0139136088 0.5415521693 0.0138914902 0.0138928443
0.0089430725 0.0089417570 0.0089350020 0.1139087214 0.0089418864 0.8324494145 0.0089305340 0.0089496122
0.0113908012 0.0113742100 0.0113744657 0.0113764177 0.0113842169 0.9203632534 0.0113660761 0.0113705591
0.0054473281 0.0054467625 0.0054479120 0.1382372949 0.0054410326 0.5987872585 0.0820313829 0.1591610286
0.0531415319 0.6225313689 0.0001647638 0.1501107036 0.0417256955 0.0001647557 0.0467745273 0.0853866531
0.9487439860 0.0003269534 0.0003268061 0.0003272279 0.0003268089 0.0003269310 0.0003266216 0.0492946651
0.5600686879 0.3564465002 0.0003121677 0.0003123365 0.0003121952 0.0003122084 0.0003120790 0.0819238252
0.0078204945 0.0078311248 0.0078196128 0.0078353360 0.0078228579 0.9452270019 0.0078208317 0.0078227405
0.0018667034 0.0018685240 0.0018684315 0.1276381798 0.0018696125 0.0018699106 0.0785407545 0.7844778837
0.5238021965 0.0007236911 0.0496669870 0.0007236050 0.0007233991 0.4229135190 0.0007230287 0.0007235737
0.5007962219 0.3012101425 0.0001167800 0.0310441406 0.1228174476 0.0001168136 0.0001168222 0.0437816316
0.0078204945 0.0078311248 0.0078196128 0.0078353360 0.0078228579 0.9452270019 0.0078208317 0.0078227405
0.9860995386 0.0019855952 0.0019861521 0.0019846000 0.0019858048 0.0019870466 0.0019854224 0.0019858403
0.0001310464 0.0162428666 0.0806003504 0.5663807605 0.3362516350 0.0001311225 0.0001311313 0.0001310875
0.0078284008 0.0078206676 0.6698330807 0.0078221509 0.0078169760 0.2832360117 0.0078193837 0.0078233286
0.0003925766 0.2130360723 0.4121180947 0.0003923062 0.0003925624 0.0003923904 0.0482049203 0.3250710772
0.0003576968 0.1173069716 0.6969378157 0.0003578006 0.0003578076 0.0003576644 0.1839666748 0.0003575685
0.0016261435 0.3117279480 0.0016261863 0.0016261592 0.0016265996 0.1985690892 0.4815727258 0.0016251483
0.0853558270 0.0008183388 0.0008181563 0.0008186815 0.0008182616 0.0008185804 0.9065523407 0.0039998136
0.2271377755 0.0010884614 0.0010894049 0.0010883951 0.0010882651 0.0010888312 0.7663303203 0.0010885464
0.0918549973 0.0002715791 0.0002715874 0.0572298128 0.0002716685 0.0002716644 0.8495571275 0.0002715630
0.0009550098 0.0009558031 0.0009556282 0.0009557329 0.0009560878 0.0009552119 0.6340201311 0.3602463951
0.0443061602 0.0021578996 0.0021571478 0.0021567185 0.0021570922 0.0021565115 0.0021580697 0.9427504006
0.0015450890 0.2400612472 0.0015459765 0.0015469679 0.0015456545 0.0015455412 0.0552829762 0.6969265475
0.3614286693 0.0009205599 0.0009208993 0.0733612849 0.0009207993 0.0009207068 0.1520772679 0.4094498127
0.0022356704 0.0022354082 0.0724894034 0.0022342010 0.0022364631 0.0022372913 0.9140963340 0.0022352285
0.1379115307 0.2447260628 0.0020191158 0.0020189851 0.0020190389 0.0020192326 0.5212752183 0.0880108158
0.0017644317 0.0017638715 0.1393031829 0.3624928740 0.3211072708 0.0017644942 0.1700396828 0.0017641921
0.0078309840 0.4366472261 0.0078259062 0.0078291080 0.0078230588 0.5163883462 0.0078246516 0.0078307190
0.0173869569 0.0274180392 0.2944887450 0.0000568224 0.2162186104 0.0000568297 0.4443171908 0.0000568056
0.0002909983 0.2404992753 0.1166755040 0.1023659168 0.0002910538 0.2510822801 0.1680278133 0.1207671584
0.0007823874 0.0007824478 0.6330426229 0.2692135171 0.0007822997 0.0007828036 0.0938311536 0.0007827680
0.0000767146 0.3832703436 0.2670428987 0.1092403955 0.0347848784 0.0000767332 0.1149703634 0.0905376729
0.0065891298 0.6553145226 0.0065895380 0.0065877746 0.0065856196 0.0065863726 0.0065874199 0.3051596229
0.0002524284 0.7402678693 0.0002523375 0.0002524458 0.0002524728 0.0002526222 0.0803114356 0.1781583884
0.0002243900 0.3698982947 0.0002243068 0.0578214642 0.5439321965 0.0002242836 0.0274506049 0.0002244593
0.0001717496 0.5074859392 0.0001717047 0.1599025994 0.1194459055 0.0001717761 0.0001717036 0.2124786218
0.4249661195 0.0650860743 0.0033821304 0.0965734225 0.0033813327 0.3438961590 0.0033818692 0.0593328923
0.0018674311 0.2503343190 0.0018684475 0.1722257156 0.5680956005 0.0018681619 0.0018713948 0.0018689295
0.7174858933 0.2677880441 0.0024538776 0.0024552885 0.0024535362 0.0024529411 0.0024540000 0.0024564192
0.0969760266 0.0028478054 0.0028443155 0.0028446153 0.0028447283 0.0028458166 0.5825747786 0.3062219136
0.0032916796 0.0032924116 0.0032915615 0.0032921310 0.0032937192 0.0032908387 0.0032946988 0.9769529596
0.0026648805 0.0026647117 0.0026647241 0.0026636364 0.1045155313 0.0026643570 0.6387483668 0.2434137921
0.0029090046 0.0029096686 0.0029086833 0.0029111522 0.0029104333 0.0029093017 0.3498629352 0.6326788211
0.4953428541 0.3698901132 0.0000829147 0.0045859332 0.1017347323 0.0000829319 0.0000828973 0.0281976232
0.3201745008 0.0250042136 0.0250183364 0.0250078812 0.0250057651 0.5297693635 0.0250026505 0.0250172889
0.0054398821 0.0054489433 0.0054395461 0.0054546839 0.0054443814 0.0054465361 0.0054419964 0.9618840307
0.9878369936 0.0017374281 0.0017378185 0.0017365681 0.0017375908 0.0017385219 0.0017373835 0.0017376955
0.9883302964 0.0016669402 0.0016673883 0.0016669488 0.0016669691 0.0016677649 0.0016667971 0.0016668951
0.4105170701 0.3484237005 0.0000377786 0.0215599162 0.1833050781 0.0000377817 0.0000377713 0.0360809035
0.5776811183 0.3032853152 0.0530555948 0.0017148942 0.0017138505 0.0017157645 0.0017140803 0.0591193824
0.0011378181 0.0011375734 0.0011371674 0.0011376545 0.0011370713 0.2193000926 0.0011370816 0.7738755411
0.3638620505 0.0033823131 0.0033894358 0.0033821764 0.0033819281 0.6158351914 0.0033814374 0.0033854673
0.9374053577 0.0089438805 0.0089364095 0.0089542835 0.0089326353 0.0089460837 0.0089376248 0.0089437252
0.0208704648 0.0208564829 0.0208417654 0.0208507399 0.0208387018 0.8540529515 0.0208432635 0.0208456302
0.0048214784 0.7631986934 0.0048139328 0.0048118278 0.0048133580 0.0048125116 0.0048163569 0.2079118410
0.9270051395 0.0104254588 0.0104236579 0.0104251354 0.0104251262 0.0104351160 0.0104271621 0.0104332042
0.8540660908 0.0208454699 0.0208501517 0.0208399021 0.0208421291 0.0208651118 0.0208365581 0.0208545866
0.0017880121 0.0017892806 0.0854043826 0.0603854441 0.0017893781 0.0017876922 0.0868140375 0.7602417727
0.0009852218 0.0523771508 0.0287254013 0.0009864053 0.0009857834 0.2289438096 0.0009865418 0.6860096860
0.0046346686 0.2167677817 0.0046355751 0.0046383936 0.0046354939 0.0046341429 0.0046356355 0.7554183087
0.9270237480 0.0104212247 0.0104264301 0.0104210662 0.0104243389 0.0104260510 0.0104232271 0.0104339141
0.9123903163 0.0125095940 0.0125140210 0.0125082786 0.0125183215 0.0125289875 0.0125088655 0.0125216157
0.0004986992 0.4424723592 0.3223438472 0.0004986576 0.1613016923 0.0004987340 0.0004986955 0.0718873150
0.1127564885 0.0010425133 0.5210975615 0.0010429843 0.0010427892 0.0010432784 0.2433369555 0.1186374293
0.0016251302 0.0016261802 0.0877929949 0.1080711180 0.0016256357 0.0016259713 0.3359001956 0.4617327742
0.0011809519 0.1547863643 0.0011818604 0.0620637605 0.0011812900 0.0011811534 0.3335531581 0.4448714613
0.0451147822 0.0010903457 0.0010904173 0.0010883602 0.0010902703 0.0010877698 0.0010890338 0.9483490206
0.0002775276 0.0327395832 0.4435533042 0.0002776614 0.0002776757 0.0986376272 0.3123584485 0.1118781721
0.1412411958 0.2844823694 0.0007825030 0.4636942789 0.0007825126 0.0007822504 0.0007826082 0.1074522816
0.0006227160 0.0006227578 0.2801728079 0.0006225606 0.0006232242 0.0006229274 0.7160905690 0.0006224371
0.1682127126 0.0029794784 0.4226995666 0.0029792290 0.0029793555 0.0029830938 0.3941877484 0.0029788157
0.0028471920 0.0028453390 0.4066510163 0.0028452148 0.0718537977 0.0028444050 0.5072685459 0.0028444893
0.0023617097 0.6621374389 0.0023627140 0.2324325213 0.0023622098 0.0023613988 0.0023619240 0.0936200835
0.0010339974 0.0010348212 0.0010345470 0.0010341033 0.0010360104 0.0010338806 0.4799030303 0.5138896098
0.0013750728 0.3834970355 0.0013757721 0.0013758471 0.0522314619 0.0013753197 0.2740570056 0.2847124854
0.0011175871 0.0011174707 0.0011180531 0.0011173115 0.0011174656 0.0735319399 0.8344293632 0.0864508088
0.0005824530 0.3235188265 0.0294658551 0.0175674811 0.0005822231 0.0380653757 0.4516224453 0.1385953403
0.2419095458 0.5982237105 0.0010099608 0.0010098594 0.0010094662 0.0663674681 0.0010099992 0.0894599900
0.1952392223 0.0433211424 0.5132045201 0.0000372273 0.0707886282 0.1110267817 0.0663452532 0.0000372249
0.0024080072 0.5864990908 0.2477160766 0.0024070944 0.0024078920 0.1537442050 0.0024100007 0.0024076333
0.0096343948 0.6615676398 0.0096283928 0.0096283743 0.0096265128 0.0096288654 0.0096366490 0.2806491712
0.0000338488 0.0000338427 0.0021955880 0.0000338515 0.6791830355 0.3082899618 0.0000338417 0.0101960301
0.0002133148 0.2925487274 0.1323817100 0.2607949391 0.1451269494 0.0002133322 0.0424961662 0.1262248609
0.0050053651 0.0050071882 0.0050106168 0.0050074979 0.0050108353 0.0050082405 0.0050063093 0.9649439468
0.0032952018 0.0032937881 0.0032957596 0.0032970193 0.0032954580 0.0032965838 0.1371463821 0.8430798073
